 	le	berger	fait	reposer	les	boeufs	car	ceux-ci	ont	beaucoup	marché	</S>
o	0.797582	0.129958	0.0216813	0.0070819	0.0261021	0.00709602	0.00682355	0.00189492	0.00145138	0.000279605	3.47821e-05	1.40636e-05
k	0.0138228	0.976546	0.00410951	0.00121788	0.000401375	0.00197894	0.000270605	0.000313601	0.000288194	0.000216397	0.000350418	0.000484156
y	0.000652231	0.9955	0.000684046	0.000889304	0.000108187	0.00109343	0.000245541	0.000123799	0.000201837	7.99479e-05	0.000353624	6.77988e-05
έ	0.00169265	0.991617	0.00275097	0.00205814	0.000163419	0.00101537	0.000245129	0.000141206	0.000112529	5.94456e-05	0.000117058	2.71472e-05
έ	0.0407954	0.892974	0.0210591	0.0168167	0.00552566	0.00301571	0.00395252	0.00242304	0.00380046	0.001732	0.000744299	0.00716089
l	0.607125	0.135825	0.165847	0.0327442	0.0179101	0.00259953	0.00885489	0.00568491	0.00905883	0.00597244	0.000753185	0.00762471
i	0.597289	0.0573731	0.0976359	0.0376496	0.0333663	0.0199191	0.0226297	0.0216378	0.0272442	0.0227674	0.0085469	0.0539413
a	0.65386	0.00579959	0.143898	0.0502131	0.0463709	0.009957	0.0220857	0.0201655	0.0105314	0.00982477	0.00292812	0.0243662
n	0.0372784	0.011526	0.452284	0.284436	0.0582176	0.0146292	0.0130072	0.0151846	0.027696	0.0312462	0.0117088	0.0427863
g	0.0722103	0.00392783	0.196672	0.257373	0.0801313	0.183801	0.0185402	0.0405515	0.032011	0.0448297	0.0142334	0.0557178
w	0.0154071	0.0243713	0.235253	0.514765	0.0193595	0.16882	0.00259411	0.00803164	0.0037944	0.00327699	0.00125808	0.00306969
έ	0.0117497	0.00551085	0.146312	0.378922	0.0414857	0.254966	0.0133347	0.0265015	0.0141672	0.0148115	0.0115335	0.0807054
m	0.00889874	0.00573835	0.220179	0.350905	0.0592364	0.0501245	0.00782939	0.0182125	0.0164022	0.0360139	0.0254572	0.201003
b	0.0120973	0.00139512	0.138577	0.195632	0.185422	0.164791	0.0860415	0.126699	0.0224514	0.010401	0.00262108	0.0538716
e	0.113033	0.000568726	0.13649	0.165232	0.326349	0.050152	0.0666982	0.0644313	0.0404603	0.00565312	0.00261264	0.0283196
b	0.0149318	0.000637945	0.108387	0.0813896	0.570296	0.0514158	0.0937335	0.041455	0.0174736	0.00415176	0.00118031	0.0149476
ó	0.00516716	0.00547461	0.0351464	0.0411526	0.272974	0.0586364	0.438825	0.0584632	0.0515438	0.00551814	0.00300303	0.024095
l	0.00592543	0.000114284	0.0287078	0.0253327	0.429455	0.116178	0.238873	0.0644816	0.0405989	0.00760033	0.00304306	0.0396891
á	0.003157	0.000919679	0.0120302	0.0224808	0.128678	0.141247	0.0698764	0.0641922	0.0729713	0.0618018	0.0231465	0.3995
a	0.00250539	0.000274106	0.0109904	0.0166591	0.157011	0.324568	0.251256	0.0969915	0.0400637	0.0351896	0.0126579	0.0518336
y	0.00294725	0.010054	0.02641	0.0713237	0.0951914	0.348918	0.282957	0.0691556	0.0365907	0.0217734	0.0205553	0.0141226
w	0.000716407	0.00176928	0.0208945	0.0504248	0.0841065	0.628753	0.0962716	0.01676	0.0133518	0.0338036	0.0254787	0.0276702
ω	0.000788611	0.000438905	0.0104168	0.0325764	0.0489867	0.571932	0.0611311	0.048707	0.0319078	0.031585	0.0461113	0.115418
ω	0.000125815	0.000558197	0.030936	0.0830437	0.097321	0.409096	0.270646	0.0521798	0.0217242	0.0120292	0.00576025	0.0165796
s	0.000559071	0.000113868	0.00531271	0.0130832	0.0599924	0.280092	0.32051	0.164086	0.0729183	0.0427558	0.0080334	0.0325436
ώ	0.000267469	0.000432357	0.00836725	0.0179057	0.0603308	0.315612	0.308142	0.118696	0.0713566	0.0368778	0.0262544	0.0357583
b	0.000333786	0.000130412	0.00345087	0.00217736	0.0791207	0.0823792	0.20691	0.437849	0.116986	0.0415376	0.0117818	0.0173433
á	0.00303262	0.000422852	0.0035678	0.00212306	0.109654	0.0313729	0.387118	0.211998	0.200773	0.0204386	0.0113706	0.018129
a	0.00140114	2.78849e-05	0.000945742	0.000747583	0.155423	0.0212116	0.276597	0.323805	0.181185	0.0117653	0.00427869	0.022612
t	0.000909742	9.1797e-05	0.00536573	0.00290279	0.0212793	0.00765356	0.0447023	0.338595	0.368548	0.162771	0.0210889	0.0260913
s	0.00106271	0.00256903	0.0160962	0.020763	0.0305882	0.107232	0.276772	0.103015	0.176206	0.0514911	0.131978	0.0822265
í	0.000419932	0.00159376	0.00390872	0.00582443	0.0108848	0.0385604	0.353737	0.138675	0.227029	0.0386041	0.0990835	0.0816789
n	0.00265557	0.000306227	0.00348824	0.00578332	0.0465883	0.0642028	0.366332	0.187961	0.153637	0.0301229	0.0319208	0.107002
a	0.00222373	0.00142461	0.00520055	0.00952919	0.0212799	0.116607	0.039139	0.150008	0.131748	0.0566251	0.0597992	0.406416
á	0.000470439	0.000120217	0.00260065	0.00185195	0.0149867	0.0172874	0.0633042	0.215317	0.302815	0.21225	0.0714456	0.0975507
m	0.000859386	0.00154036	0.0091693	0.0065267	0.012818	0.00325421	0.010474	0.0632689	0.192775	0.423261	0.218228	0.057826
i	0.000173	6.07171e-06	0.00297644	0.0019525	0.0312709	0.00407807	0.00406555	0.112259	0.155107	0.465816	0.0864934	0.135801
p	0.000100676	0.000216354	0.00389825	0.00499117	0.00533619	0.0051305	0.00460768	0.042257	0.118183	0.239475	0.376406	0.199397
é	7.53988e-06	0.0012781	0.00296788	0.00682699	0.00289373	0.0134024	0.021506	0.0128828	0.0778225	0.0827642	0.549301	0.228347
n	0.000162297	0.00100373	0.00172225	0.00409166	0.00292273	0.00963943	0.0178566	0.0156443	0.0634801	0.106281	0.572143	0.205053
d	0.000148165	0.000547346	0.000561762	0.00156071	0.00178363	0.0146089	0.010734	0.0161806	0.0707813	0.0947413	0.473789	0.314563
á	0.000254292	0.00245498	0.00233995	0.00778242	0.00330356	0.0397599	0.0141111	0.0371118	0.048846	0.0757071	0.536307	0.232022
o	0.00124876	0.000353756	0.00212599	0.00238216	0.00828424	0.0170777	0.0104989	0.0847745	0.0818142	0.171848	0.231206	0.388386
b	0.000136145	0.000292277	0.00433294	0.00320669	0.0187627	0.00899777	0.0102608	0.0419519	0.0614164	0.274096	0.415704	0.160841
h	0.000136084	0.000484895	0.00796688	0.00962865	0.0199464	0.0170379	0.0518501	0.0376908	0.173385	0.199257	0.294857	0.18776
é	0.000162677	0.000325923	0.00390535	0.00442186	0.0147357	0.0179334	0.021606	0.0390621	0.122294	0.203161	0.312573	0.259819
m	6.22124e-05	9.87748e-05	0.000398864	0.000893835	0.0010469	0.00564646	0.00725361	0.0133774	0.0298587	0.0362938	0.467344	0.437725
b	0.000141653	2.23943e-05	0.00146625	0.00336987	0.00631583	0.0128131	0.00962884	0.0689159	0.109139	0.145136	0.2355	0.407551
á	0.0031228	6.51309e-05	0.00231864	0.0066177	0.0144831	0.058094	0.0263956	0.0611689	0.0747713	0.0327945	0.122814	0.597355
</S>	0.00158736	0.000435486	0.0044892	0.00516352	0.0152212	0.0163864	0.0209277	0.0719916	0.104262	0.157408	0.199585	0.402542
