 	l'	écorce	de	bananier	flétrie	est	utilisée	comme	bretelles	de	hotte	</S>
e	0.785505	0.200416	0.00456624	0.00202676	0.00248766	0.00258507	0.0016159	0.000317637	0.000152914	0.000249963	7.18324e-05	5.15679e-06
p	0.0276398	0.921708	0.0146038	0.0260531	0.00264134	0.000589559	0.00363301	0.000337652	0.00163253	0.000386308	9.24979e-05	0.000682674
ó	0.0030201	0.744352	0.00330818	0.24111	0.00158493	0.000806894	0.00251052	0.000452578	0.00197859	0.000352863	0.000143445	0.000379331
b	0.0260208	0.896534	0.0165165	0.048154	0.0039037	0.00175567	0.00243586	0.00090917	0.00163529	0.000565785	6.99169e-05	0.00149943
h	0.0760289	0.209251	0.123838	0.3273	0.0430385	0.0225838	0.0625096	0.0199224	0.0135832	0.0242116	0.00301429	0.0747184
ó	0.328972	0.146388	0.096322	0.237642	0.0306708	0.016409	0.0215702	0.0263086	0.0085273	0.0183895	0.00285182	0.06595
y	0.0585924	0.0516405	0.73663	0.11474	0.0155398	0.00526187	0.000956199	0.00402816	0.00183639	0.00459525	0.00025093	0.0059283
é	0.184054	0.0540227	0.324848	0.338465	0.0258409	0.00578134	0.000589396	0.0151558	0.00650368	0.00455534	0.00640793	0.0337763
n	0.283985	0.0160136	0.285176	0.183327	0.122633	0.0197302	0.00222891	0.0203744	0.00511005	0.0107541	0.00504391	0.0456232
y	0.114182	0.011582	0.526043	0.063461	0.203415	0.021208	0.00228657	0.0121521	0.00409837	0.00543372	0.00391452	0.0322238
i	0.0149824	0.00332829	0.273582	0.151294	0.420748	0.0811898	0.023016	0.0112681	0.00898528	0.00297462	0.00282058	0.00580998
r	0.00396755	0.0188212	0.334147	0.228068	0.366911	0.0105098	0.0251863	0.00314361	0.00122215	0.00119572	0.000280734	0.00654741
á	0.00349342	0.00457434	0.161271	0.468241	0.270795	0.031702	0.00238194	0.00488312	0.00336626	0.00200303	0.00162445	0.0456636
n	0.0124862	0.00127379	0.304433	0.071923	0.426636	0.14638	0.0103471	0.00888647	0.00188213	0.00654408	0.00106688	0.00814238
y	0.0345766	0.00467602	0.212159	0.0726653	0.46103	0.0551418	0.00364378	0.0197317	0.00777662	0.00525292	0.00685329	0.116493
i	0.00531512	0.000781834	0.121578	0.0354971	0.624092	0.122312	0.0275484	0.0215077	0.00648783	0.00591009	0.00846073	0.0205085
r	0.000136278	0.000485168	0.0996502	0.136943	0.531526	0.140589	0.0628927	0.0103943	0.00385381	0.00629634	0.000598951	0.00663467
a	0.00431861	0.00380004	0.0832511	0.112829	0.497406	0.10273	0.0187463	0.0323624	0.0107056	0.00598935	0.0114392	0.116422
b	0.00363154	0.0013319	0.184281	0.0342566	0.373619	0.303525	0.0333632	0.0419365	0.0034156	0.00951387	0.000592802	0.0105334
á	0.0127259	0.00246499	0.0269379	0.0383659	0.37829	0.34324	0.0592806	0.0795193	0.0151179	0.0182432	0.00222692	0.0235873
a	0.0206091	0.000708466	0.0320058	0.00240123	0.20647	0.371672	0.121487	0.13909	0.0423958	0.0239073	0.00636057	0.0328923
k	0.000683644	0.00133537	0.0123999	0.0338581	0.228855	0.297163	0.330145	0.0419595	0.0342386	0.00377721	0.000628089	0.0149564
o	8.93426e-06	0.000130767	0.000802446	0.0277326	0.0259747	0.0348995	0.87864	0.00796192	0.0165674	0.00124402	0.00013435	0.00590353
b	2.31884e-05	0.000180538	0.00119458	0.0500774	0.0298902	0.0372986	0.847105	0.0137245	0.0132424	0.00475509	0.000145596	0.00236298
h	0.00333811	0.00078427	0.0148251	0.124932	0.290996	0.118988	0.249523	0.0513937	0.0320725	0.0232831	0.0012023	0.0886614
á	0.00355605	0.00150558	0.0106169	0.0370881	0.225243	0.131509	0.240132	0.0640591	0.0266426	0.0630029	0.0178961	0.178748
m	0.001089	8.74007e-05	0.00878637	0.0014129	0.0764579	0.171034	0.0418786	0.473588	0.0818612	0.0783039	0.0238254	0.0416756
á	0.000123988	1.25272e-05	0.000267297	0.000137216	0.00186678	0.0143921	0.00578715	0.254039	0.258674	0.12459	0.219276	0.120834
l	0.000470738	4.7424e-05	0.00178802	0.000281978	0.00626473	0.0152456	0.0212227	0.201876	0.583757	0.0891132	0.057705	0.0222283
a	0.000672471	0.00049813	0.0030961	0.000987878	0.0197265	0.0170446	0.00887858	0.232873	0.330268	0.0839047	0.112143	0.189907
m	0.00021504	1.53322e-05	0.00142753	0.000445968	0.00268535	0.00385212	0.00461484	0.207165	0.438347	0.151539	0.100374	0.0893184
b	8.24228e-05	5.09248e-05	0.000344602	0.00011295	0.000535809	0.00253597	0.000678287	0.0583146	0.292786	0.145428	0.315198	0.183932
í	0.000355462	4.3351e-05	0.000267806	8.75189e-05	0.00709616	0.00986692	0.0150862	0.112912	0.235291	0.152762	0.285726	0.180506
m	0.000258174	2.4333e-05	0.000465251	0.000570253	0.00266836	0.00579264	0.00305774	0.0924095	0.251609	0.352447	0.0601396	0.230558
á	5.1027e-05	4.18627e-06	9.21034e-05	7.44316e-05	0.000534238	0.00244822	0.000415546	0.0495812	0.269795	0.21322	0.305574	0.15821
m	0.000512278	4.24033e-05	0.00179383	0.000366769	0.00503986	0.00830977	0.00458226	0.0390191	0.102205	0.239653	0.484072	0.114404
u	1.60525e-05	3.06692e-06	0.000214802	2.07784e-05	0.000360498	0.0016411	0.000333821	0.0104774	0.119288	0.0776526	0.755016	0.0349756
a	1.1724e-05	4.46807e-05	0.000107899	9.41889e-05	0.00684368	0.0223959	0.00257089	0.0311083	0.265337	0.365674	0.174083	0.131728
</S>	0.000179965	3.82439e-05	0.00153953	0.000335303	0.00471643	0.0035461	0.000996047	0.0254446	0.0526983	0.332237	0.0477083	0.53056
