 	les	policiers	n'	ont	jamais	pitié	mais	ce	policier-ci	est	gentil	</S>
a	0.719122	0.144537	0.0752148	0.011516	0.0196683	0.0227612	0.00337452	0.00318581	0.000148649	0.00024137	0.000217466	1.28684e-05
m	0.0482371	0.922524	0.00516026	0.00407233	0.0059375	0.00838047	0.00259639	0.000843385	0.000740851	0.000449732	0.000488921	0.000569299
b	0.0985053	0.607329	0.162105	0.0581577	0.00994577	0.00134311	0.00754198	0.00420402	0.0319237	0.00271151	0.000318851	0.0159145
o	0.00997279	0.967165	0.00462332	0.00257583	0.0016198	0.00303331	0.00116592	0.00172978	0.00652076	0.00036175	0.000197726	0.00103367
l	0.0616444	0.927866	0.00186543	0.000715104	0.000436156	0.000258892	0.000309817	0.000285942	0.00617506	9.64603e-05	1.26839e-05	0.000334192
o	0.0645775	0.859542	0.00864056	0.00386293	0.0104653	0.00194069	0.0130455	0.00320964	0.00558069	0.00454057	0.0030057	0.0215891
m	0.43518	0.204127	0.315421	0.0162033	0.0138316	0.00162799	0.00287261	0.00355996	0.00169971	0.00206561	0.000442258	0.0029696
b	0.572581	0.104625	0.231388	0.0180922	0.02627	0.000834341	0.0058606	0.0119008	0.0093553	0.0103881	0.00269653	0.00600837
ó	0.204152	0.52268	0.155733	0.0367422	0.0190742	0.0164958	0.00594337	0.0112987	0.0215245	0.00117221	0.000302698	0.00488109
l	0.0664169	0.647375	0.21124	0.02023	0.00273023	0.0011562	0.00173937	0.00382778	0.0401983	0.00158256	0.000103284	0.00339988
o	0.181258	0.323621	0.236062	0.051445	0.0348321	0.0167238	0.0357151	0.0218764	0.0164721	0.0172822	0.0038704	0.0608422
á	0.195494	0.0270989	0.563115	0.0548681	0.103604	0.00844668	0.0113979	0.00780123	0.00281395	0.0102778	0.00415199	0.0109311
d	0.00740595	0.00734843	0.0841313	0.402275	0.359422	0.0924088	0.0144378	0.00694281	0.00724285	0.00339378	0.00144154	0.0135501
i	0.00522725	0.00141522	0.0374199	0.367003	0.459391	0.0522921	0.0130194	0.00583752	0.00184587	0.00696079	0.0015176	0.0480703
í	0.00710351	0.000350112	0.0323922	0.110495	0.734122	0.0650712	0.0255189	0.00626327	0.0014241	0.00526574	0.00244844	0.00954558
n	0.00328183	0.000802259	0.0101814	0.116203	0.297974	0.437701	0.095681	0.0239605	0.00393133	0.00417783	0.0019739	0.00413296
y	0.0143121	0.0047331	0.0109589	0.0630433	0.391048	0.352598	0.107736	0.0304837	0.00383541	0.00421005	0.00135445	0.0156869
i	0.00236495	0.00052681	0.0103575	0.0353698	0.256576	0.529154	0.11625	0.034849	0.00240982	0.00354625	0.00175539	0.00684058
n	0.000120517	0.0014193	0.00512749	0.0303205	0.270302	0.557471	0.0791674	0.0317219	0.0171062	0.00102911	0.000238102	0.00597683
g	0.00103733	0.00372044	0.0196575	0.128576	0.523324	0.126461	0.128114	0.011206	0.00569518	0.00849491	0.0018417	0.0418716
a	0.00187332	0.00676783	0.0213707	0.0629091	0.317859	0.352195	0.180474	0.0270811	0.00398431	0.00282782	0.000666423	0.0219909
k	0.00129381	0.00046396	0.0114442	0.068567	0.257461	0.355771	0.196899	0.084443	0.00367738	0.00467711	0.00149177	0.0138112
a	0.00175309	0.000407742	0.00758679	0.0358345	0.139493	0.354566	0.29977	0.0820233	0.00181278	0.0212294	0.0201576	0.035367
á	0.00112888	0.000766945	0.00924512	0.0531969	0.119818	0.238701	0.325311	0.124775	0.00984053	0.0146208	0.0178228	0.0847736
n	0.000842029	0.000359282	0.0111416	0.0418747	0.0757482	0.0790985	0.244667	0.387928	0.0651178	0.0406515	0.0084029	0.0441682
d	0.00119195	0.000649962	0.00284815	0.0208523	0.10908	0.242769	0.186722	0.24921	0.00984053	0.0374761	0.0208942	0.118466
z	0.00112325	0.00169149	0.000967858	0.0106461	0.0938697	0.117388	0.424709	0.21237	0.026621	0.0289921	0.00693526	0.0746863
á	0.00211064	0.00134095	0.000923559	0.00468181	0.055489	0.0432228	0.75264	0.0372167	0.0226955	0.0246079	0.0126206	0.0424499
á	0.000472816	0.000631775	0.00277055	0.0142956	0.0442312	0.0236762	0.616856	0.0808341	0.111382	0.0320287	0.0131731	0.0596479
m	0.000636152	0.000204452	0.00855795	0.0155281	0.0538958	0.0319443	0.115423	0.566149	0.0438564	0.0788115	0.0184383	0.0665556
b	0.00367312	0.00498096	0.0113931	0.00302891	0.00744322	0.000940643	0.0795661	0.209274	0.197272	0.217907	0.0689787	0.195542
o	0.00133526	0.00279337	0.00166712	0.00301549	0.00574788	0.00695406	0.0947342	0.273568	0.515575	0.0297514	0.0134122	0.0514461
l	0.000216465	0.0032199	0.00162765	0.00385678	0.0118199	0.00736016	0.117489	0.130266	0.667313	0.0318739	0.00552046	0.0194367
o	0.00182505	0.0150181	0.00690423	0.00980618	0.0180368	0.0134995	0.185688	0.2418	0.304519	0.0932465	0.0251573	0.0844996
m	0.000606821	0.00100452	0.00191275	0.0020036	0.00598408	0.00258226	0.0634386	0.107701	0.169262	0.359379	0.0894213	0.196704
b	0.00361352	0.00822307	0.011062	0.00370562	0.0123947	0.000529897	0.0142051	0.089213	0.338975	0.301805	0.0830743	0.1332
o	0.000866484	0.00176029	0.000957881	0.00224302	0.00623302	0.000775505	0.0191983	0.0571432	0.821951	0.0375619	0.013691	0.0376181
l	7.25766e-05	0.00182041	0.000998873	0.00610045	0.0073012	0.00234868	0.00764116	0.0130822	0.912175	0.0258136	0.00569375	0.0169525
ó	0.00125211	0.0114335	0.0046302	0.0056831	0.0104398	0.00308403	0.145344	0.0814819	0.443233	0.154415	0.0273248	0.111679
w	0.000679587	0.00134646	0.00444922	0.00454102	0.0106573	0.00325568	0.0422586	0.102063	0.112883	0.35039	0.132072	0.235403
ó	0.00328995	0.00613318	0.00857693	0.00645775	0.0072298	0.00282626	0.0289359	0.165427	0.0609251	0.31074	0.24665	0.152808
a	0.000127322	0.000705173	0.000915865	0.000665523	0.00165676	0.000870227	0.0108258	0.047286	0.037184	0.33552	0.313266	0.250978
d	0.000332426	0.000633754	0.00624286	0.012207	0.0340587	0.00336375	0.00877585	0.0341852	0.0133404	0.331947	0.115849	0.439063
í	0.000119926	0.000897219	0.00185484	0.0120531	0.0580765	0.0104888	0.00551092	0.0300123	0.00897578	0.160047	0.0907315	0.621232
l	0.000707543	0.000252212	0.0013728	0.00422241	0.0400459	0.0160646	0.00330985	0.0330724	0.00112103	0.107417	0.161592	0.630822
a	0.000493912	0.000148283	0.000892226	0.004697	0.00928262	0.00244581	0.00454815	0.00666226	0.0028608	0.195663	0.194714	0.577593
p	0.00016368	0.000334438	0.00176836	0.00157349	0.0139639	0.00433327	0.00976055	0.0248286	0.0166833	0.242267	0.412841	0.271482
ó	3.9213e-05	0.00138525	0.00117818	0.00176274	0.00277542	0.00442077	0.00639092	0.0146691	0.00443572	0.108072	0.693962	0.160908
s	5.31938e-05	0.000379698	0.000203364	0.00042311	0.000627453	0.00045301	0.00690952	0.00948296	0.0177669	0.260066	0.495954	0.207681
á	2.3965e-05	0.000669757	0.000579533	0.000674831	0.00570508	0.00288338	0.0151397	0.02885	0.0241022	0.224877	0.534313	0.162181
b	0.00155877	0.000697541	0.00346274	0.00162829	0.00491335	0.00224416	0.0106504	0.0277286	0.00359949	0.225811	0.534507	0.183198
a	0.000390649	0.00133385	0.00332425	0.00474211	0.00934618	0.0199122	0.0033452	0.0320312	0.00353033	0.0839576	0.647849	0.190237
r	0.000869288	0.00236353	0.00186266	0.00203522	0.00857538	0.0137551	0.00240702	0.0348264	0.00547359	0.0571082	0.708637	0.162086
e	0.00220134	0.0029884	0.000917864	0.00497799	0.0220677	0.00771195	0.0145616	0.0191764	0.00633006	0.116791	0.209529	0.592746
</S>	0.000652598	0.0004437	0.00160431	0.00177484	0.00508275	0.00154425	0.00869119	0.0318934	0.00457958	0.25372	0.216663	0.473351
