 	la	manière	dont	ils	ont	fermé	la	maison	laisse	libre	accès	au	voleur	</S>
e	0.435026	0.393306	0.0906783	0.0521469	0.019586	0.00128657	0.0018052	0.0014618	0.00156635	0.000748349	0.00181449	0.000327428	0.000177229	7.00118e-05
k	0.00724902	0.00962035	0.0140488	0.0131866	0.156332	0.664775	0.041094	0.0117902	0.0190368	0.0183538	0.0390474	0.00309139	0.000917939	0.00145738
a	0.0632863	0.0198284	0.0118259	0.0155994	0.136401	0.515145	0.0674745	0.00176513	0.0589861	0.0272128	0.0631802	0.00611384	0.0108773	0.00230436
n	0.00176918	0.00706136	0.0158667	0.0341757	0.107342	0.65609	0.0651796	0.006994	0.0426536	0.0190232	0.0306338	0.00498471	0.00396814	0.00425848
g	0.0698866	0.0891116	0.0440143	0.00348026	0.157669	0.242766	0.0833346	0.0407385	0.0678723	0.0508637	0.0815899	0.0332042	0.00808208	0.0273875
í	0.047172	0.0944955	0.0551284	0.00632842	0.106413	0.287066	0.102097	0.0308972	0.0927617	0.0392952	0.0236484	0.00734801	0.00165037	0.105699
l	0.0248893	0.0178567	0.128148	0.0109804	0.311762	0.182238	0.0658396	0.00465678	0.0152788	0.00710515	0.00686976	0.0105683	0.00209593	0.211711
í	0.0679439	0.0712491	0.0672278	0.00524745	0.292896	0.165752	0.0607263	0.00924309	0.0083296	0.00297534	0.00640412	0.0108505	0.00313169	0.228023
y	0.479813	0.144829	0.266454	0.0170223	0.031028	0.0236685	0.012633	0.00346439	0.00773024	0.00122138	0.000824295	0.00225076	0.000544444	0.00851736
é	0.18172	0.0515944	0.557095	0.00105824	0.0342484	0.022377	0.0333986	0.0050657	0.0103891	0.00127526	0.000971754	0.00384986	0.00136485	0.0955915
é	0.0979973	0.161065	0.543125	0.00554091	0.0688349	0.0289311	0.020145	0.0209102	0.0150991	0.00181816	0.000887642	0.00150925	0.000381144	0.0337555
k	0.0106225	0.00463917	0.00772544	0.0275795	0.264657	0.554785	0.037639	0.00844211	0.0216106	0.00730816	0.0109027	0.00151009	0.000823334	0.0417561
a	0.000592292	0.000251218	0.000599791	0.00660494	0.0937872	0.835159	0.0358607	0.000848205	0.00804881	0.0054727	0.0043033	0.00121906	0.000563595	0.00668895
n	0.001255	0.000564059	0.00515908	0.0183295	0.101737	0.81798	0.0198901	0.00357942	0.00649993	0.00717083	0.00899652	0.000501481	0.000207284	0.00812927
g	0.0155679	0.0101901	0.0328414	0.0104125	0.169088	0.306055	0.211487	0.0780582	0.0997536	0.0163518	0.0124182	0.00842427	0.00375522	0.0255972
i	0.0233006	0.0405107	0.252394	0.0527266	0.133713	0.234731	0.0924609	0.0368289	0.0543212	0.0089433	0.00545771	0.00360353	0.00206755	0.0589409
b	0.00224941	0.00681599	0.041692	0.2794	0.138635	0.0807012	0.255035	0.113645	0.0411705	0.0125744	0.00258539	0.00994191	0.00219675	0.0133567
á	7.29029e-05	4.18375e-05	5.8215e-05	0.959478	0.00991976	0.0184986	0.00255571	0.00143109	0.000893498	0.00412919	0.000737629	0.000284932	0.00175929	0.00013931
a	0.000144056	5.93818e-05	0.00015415	0.844873	0.0145759	0.024379	0.0139043	0.00571323	0.00567962	0.0466165	0.00337451	0.00490584	0.0308171	0.00480313
n	0.000280947	0.000564676	0.00346637	0.240433	0.0784481	0.0614218	0.346742	0.131682	0.0470364	0.0632826	0.00362068	0.00971488	0.00760865	0.00569789
d	0.002508	0.0078317	0.0286385	0.0693025	0.0412817	0.0717707	0.204024	0.435876	0.0819305	0.0192629	0.00837639	0.00772696	0.00132112	0.0201493
é	0.000314239	0.00178176	0.00664149	0.00401839	0.00709159	0.00552601	0.0507102	0.896822	0.022557	0.00176518	0.000331646	0.000305954	0.000188818	0.00194572
e	0.00074196	0.00154631	0.0132141	0.00432429	0.0584745	0.0357067	0.194376	0.225835	0.366545	0.0307007	0.0385173	0.0117923	0.00104582	0.0171806
m	0.00344211	0.00232768	0.0140322	0.00139176	0.0770837	0.0253533	0.312452	0.0575058	0.314179	0.0578245	0.0577479	0.0537352	0.00330384	0.0196212
ú	0.00875083	0.00576899	0.00156309	0.00212294	0.0455126	0.005485	0.159582	0.00339805	0.0419972	0.355071	0.0115053	0.0381509	0.148015	0.173077
b	0.000326614	0.000180309	0.00010313	0.00157896	0.0240986	0.0121671	0.130642	0.0187121	0.190735	0.429593	0.0844202	0.0244611	0.0217338	0.0612485
h	0.00108867	0.000654317	0.00031441	0.0234258	0.0761406	0.031867	0.173448	0.00466931	0.14216	0.272946	0.183574	0.0461748	0.0265484	0.016989
u	0.000253028	0.000116136	0.000311923	0.000462575	0.00515555	0.0191891	0.126334	0.0430215	0.209373	0.405465	0.121584	0.0202977	0.00685151	0.0415854
m	0.000260812	0.000117835	0.000149593	0.000212613	0.00302778	0.00424419	0.0849191	0.0167844	0.472657	0.0884186	0.198905	0.0959975	0.00644012	0.0278655
ó	0.0159845	0.00491153	0.00126955	0.00120323	0.0036868	0.000830552	0.0574674	0.00440123	0.121393	0.207126	0.0364134	0.133691	0.191549	0.220073
o	0.00156127	0.000977528	0.00165947	0.000219272	0.00515281	0.0027286	0.0245145	0.00450061	0.110704	0.077987	0.231854	0.25732	0.0672396	0.213581
k	0.00118941	0.000839336	0.000839134	0.000270287	0.0100966	0.00572112	0.022023	0.00309054	0.0887372	0.0846081	0.543319	0.120671	0.027998	0.0905966
ó	9.59681e-05	3.54575e-05	5.94412e-05	0.000116301	0.00485789	0.0213962	0.0109605	0.000560224	0.0577249	0.0486245	0.722261	0.0191127	0.0087863	0.105409
a	5.28021e-05	1.92841e-05	2.95888e-05	9.20865e-05	0.00332982	0.012065	0.0111018	0.000377602	0.0283191	0.0702345	0.82012	0.0167834	0.0041546	0.0333201
</S>	0.0007764	0.000232835	0.0014814	0.000151358	0.0016326	0.00104457	0.0172727	0.00509229	0.0486099	0.0270187	0.072927	0.680876	0.0462665	0.0966178
