 	son	père	l'	a	blâmé	parce	qu'	il	rentre	à	la	maison	dans	la	nuit	</S>
t	0.79929	0.169839	0.0131617	0.00424798	0.00130824	0.00299456	0.00307852	0.000707525	8.60188e-05	0.000580255	0.00168124	0.000170814	0.00166103	0.00112955	5.39843e-05	9.5566e-06
á	0.0333485	0.951571	0.00320683	0.00230119	0.00253392	0.00283876	0.000569993	0.000575263	0.000159021	0.0003254	0.000676024	0.000206459	0.00036498	0.000770493	0.000446879	0.000104761
á	0.00299337	0.843806	0.0112938	0.0148681	0.0454613	0.0219408	0.0133097	0.0146478	0.00311837	0.00654123	0.00533047	0.00330994	0.00299764	0.00151793	0.000831966	0.00803182
á	0.574575	0.148882	0.137397	0.0366814	0.0197507	0.00527517	0.0151419	0.00858633	0.00320655	0.00875969	0.00576943	0.00134446	0.0106842	0.00559781	0.00166414	0.0166848
b	0.0361913	0.0427087	0.531718	0.158746	0.0367039	0.0182241	0.0121097	0.0187907	0.0383619	0.0280069	0.00587199	0.00507433	0.019053	0.017248	0.00684107	0.024351
h	0.0133069	0.00112872	0.25101	0.370103	0.0293946	0.168358	0.0451641	0.0460576	0.0208618	0.019729	0.00586548	0.00056303	0.00505009	0.0072143	0.00115428	0.0150386
ώ	0.0334849	0.0032227	0.276258	0.247861	0.0351978	0.22881	0.0459136	0.0471798	0.0189535	0.0249302	0.00561874	0.00121238	0.00661728	0.00704101	0.00143588	0.016264
i	0.108139	0.00783972	0.166613	0.168866	0.121143	0.13477	0.0709127	0.0405548	0.0298545	0.0271068	0.0139513	0.00545968	0.0190038	0.0115606	0.00930717	0.0649173
l	0.0111032	0.00144743	0.126454	0.281824	0.230163	0.14545	0.0621169	0.031838	0.0128131	0.0154823	0.0114943	0.018478	0.0121207	0.00877043	0.00638235	0.0240632
a	0.00747652	0.000603766	0.113075	0.151247	0.135291	0.19103	0.0701748	0.0591953	0.0423801	0.0398036	0.0319595	0.0123796	0.0380633	0.0357072	0.0185292	0.0530833
w	0.0104582	0.00053287	0.0765354	0.130429	0.300302	0.210928	0.115853	0.0402315	0.0116251	0.0133092	0.0139057	0.00960922	0.0141176	0.00746492	0.00599718	0.0387015
a	0.0212259	0.00669767	0.0457074	0.127978	0.216908	0.303333	0.107391	0.0912473	0.010008	0.0180533	0.0118416	0.00239871	0.00707457	0.00725949	0.00536032	0.0175152
t	0.00333462	0.00112409	0.0586211	0.0899287	0.249152	0.224084	0.170734	0.0816365	0.024349	0.0150854	0.0102456	0.0056154	0.0135181	0.00800011	0.00694802	0.0376237
s	0.00848417	0.011343	0.0125974	0.0303347	0.411307	0.32802	0.0688492	0.0921843	0.00941944	0.00681963	0.00299228	0.000637159	0.00144926	0.000983226	0.00245889	0.0121207
í	0.000306414	0.000161535	0.00903356	0.0211892	0.0643206	0.484573	0.129649	0.12251	0.0623461	0.0267995	0.0158442	0.00169998	0.012121	0.00932034	0.0159292	0.0241957
n	0.00318599	0.000583574	0.0208568	0.0311	0.0869114	0.381891	0.170782	0.0961611	0.041904	0.0129796	0.00707393	0.00551086	0.00842711	0.00457174	0.0156637	0.112398
a	0.0101557	0.000381524	0.0157781	0.0494755	0.0408375	0.187704	0.167694	0.0892176	0.0140658	0.0158279	0.0352002	0.156857	0.0526264	0.019565	0.0154172	0.129197
w	0.00275978	0.000276115	0.0230616	0.0493412	0.0398667	0.071472	0.370505	0.254915	0.0783373	0.0415025	0.0252559	0.00472655	0.0149166	0.00881404	0.00258195	0.0116679
a	0.00679001	0.00258908	0.0184424	0.052594	0.139724	0.10637	0.257385	0.197645	0.0126049	0.0404498	0.0699485	0.00305411	0.0266823	0.020693	0.00875295	0.0362743
l	0.00182766	0.000259713	0.00724176	0.00837367	0.0231238	0.0289515	0.253335	0.281953	0.146133	0.0822725	0.0600732	0.00617558	0.0351289	0.0187187	0.0146094	0.031822
á	0.00626117	0.00079765	0.0231394	0.0181702	0.0160688	0.0199845	0.0429133	0.0783351	0.0886808	0.125066	0.07505	0.0189579	0.149134	0.065103	0.0339236	0.238415
a	0.000819037	0.000369156	0.0106215	0.0102041	0.0122671	0.0183428	0.0478361	0.113434	0.269024	0.17648	0.123231	0.0799128	0.0293254	0.0326408	0.0199656	0.0555267
k	0.000237395	0.000137834	0.0216817	0.0119697	0.00314569	0.00920375	0.0090511	0.0397398	0.754892	0.0925508	0.0155736	0.00536951	0.00933083	0.00699638	0.0091403	0.0109795
ó	1.62864e-05	4.2398e-05	0.00115912	0.00108236	0.000821562	0.0102724	0.00691498	0.0430276	0.735593	0.143649	0.0189223	0.000239105	0.0128571	0.00742613	0.00320297	0.0147739
á	2.04986e-05	3.25652e-05	0.00156251	0.000850226	0.000964994	0.0103154	0.00446009	0.0239943	0.834093	0.08039	0.00813252	0.001077	0.00640606	0.00394592	0.00475884	0.0189965
n	0.000264957	8.21847e-06	0.00388892	0.00409525	0.00124977	0.00253232	0.0144361	0.0114857	0.0295517	0.198941	0.296176	0.173283	0.179811	0.0530122	0.0111318	0.0201322
d	0.000375613	1.57994e-06	0.000318475	0.000380556	8.78691e-05	0.000544904	0.00176056	0.00112047	0.00250464	0.0142626	0.0436594	0.896531	0.0243306	0.00718215	0.00271462	0.00422486
é	2.63089e-05	1.14679e-06	6.71086e-05	5.0844e-05	3.71303e-05	9.41117e-05	0.000211015	0.000257492	0.00130389	0.00599676	0.00913097	0.970511	0.00639385	0.00226695	0.00161367	0.00203752
e	0.000146363	2.49195e-05	0.00177117	0.00240893	0.00204129	0.0072199	0.0176243	0.0165051	0.0352836	0.0881694	0.137344	0.294773	0.160213	0.0927436	0.0944258	0.0493056
l	0.000565626	1.07601e-05	0.00252269	0.00216222	0.00183337	0.00262055	0.0095391	0.01095	0.0124084	0.109017	0.118294	0.0466388	0.313723	0.202577	0.0763	0.0908367
a	0.000518037	3.64881e-05	0.00221568	0.00190653	0.00268634	0.00318715	0.00327319	0.00609095	0.0437608	0.104385	0.055419	0.018405	0.0937667	0.147704	0.287904	0.228741
k	0.000381934	1.10828e-05	0.00335334	0.00296469	0.00183312	0.00225558	0.00743276	0.00597711	0.0070154	0.0554471	0.131817	0.0286205	0.170682	0.186233	0.31949	0.0764857
ó	0.00015896	2.989e-05	0.00149224	0.00139973	0.000547275	0.00545593	0.00295648	0.00545622	0.00893086	0.0467757	0.0422966	0.00456225	0.0904201	0.120517	0.652261	0.0167394
l	8.1422e-05	3.57871e-05	0.0010211	0.000849384	0.00133366	0.00231867	0.00293284	0.00664246	0.0495693	0.0540165	0.0189799	0.00512114	0.0333491	0.0528808	0.712134	0.0587337
i	0.000463834	0.000664411	0.000858675	0.00141893	0.00637619	0.00818905	0.00286248	0.00783349	0.0376173	0.0592415	0.0431041	0.0293905	0.054686	0.113367	0.451103	0.182823
</S>	0.000862018	0.000139157	0.00200905	0.00168794	0.00246127	0.00179818	0.00375631	0.00438706	0.00784592	0.0386647	0.0342984	0.015238	0.16689	0.153285	0.235777	0.330899
