 	dans	notre	village	les	feuilles	de	l'	arbuste	esyese	sont	utilisées	pour	guérir	les	brûlures	</S>
ó	0.568308	0.28855	0.0487284	0.0169641	0.010734	0.0113272	0.0112777	0.018971	0.00418335	0.00499521	0.000316607	0.0068665	0.00315072	0.00546474	0.000100908	6.07412e-05
p	0.0156857	0.0178017	0.95407	0.00320986	0.00266913	0.000700483	0.000734791	0.000349325	0.001759	0.000393214	0.000603418	0.000571001	0.000127449	0.000650034	0.000290326	0.000384909
o	0.00362369	0.000885993	0.983108	0.000774902	0.0028989	0.000978737	0.00074947	0.000162167	0.000356489	8.86774e-05	0.00553969	0.000376756	7.148e-05	0.00020362	9.77919e-05	8.34044e-05
o	0.00154672	0.000234111	0.985714	0.00111713	0.00681729	0.00098696	0.000363954	5.25633e-05	0.000586857	0.000111206	0.00199367	0.000204346	4.74876e-05	0.000133063	1.8095e-05	7.26805e-05
y	0.195535	0.0465311	0.391061	0.15251	0.105485	0.0368791	0.0174611	0.00783902	0.0248268	0.00700485	0.00340084	0.00382349	0.00281234	0.000669266	0.000350465	0.00381105
á	0.341223	0.131857	0.134692	0.0606107	0.0424897	0.0229287	0.0244951	0.0335161	0.147092	0.0251878	0.0116697	0.00474359	0.00163332	0.00799985	0.00148987	0.00837041
b	0.108673	0.726702	0.00933086	0.0453215	0.0181665	0.011639	0.00878999	0.0120205	0.0405447	0.00726	0.00168979	0.00140079	0.000788019	0.00532846	0.000426481	0.00191778
í	0.0275749	0.9119	0.00103818	0.0222736	0.00543657	0.00484103	0.00433589	0.00909883	0.00045099	0.00098665	0.00111069	0.00143811	0.00253649	0.00329628	0.00229609	0.00138569
s	0.0157164	0.977309	0.000198446	0.00336415	0.000752006	0.000555309	0.000424942	0.000685795	8.35624e-05	3.41014e-05	1.18114e-05	6.67185e-05	0.000297451	0.000145789	0.000141858	0.000212698
í	0.116485	0.266864	0.00173298	0.168805	0.0164013	0.0215547	0.0465414	0.0889594	0.00620355	0.0243203	0.00412172	0.0109997	0.00838929	0.0250923	0.0111139	0.182415
e	0.0106905	0.0112558	0.0291864	0.331696	0.176817	0.0646145	0.0496738	0.0626957	0.143422	0.0701661	0.00996154	0.0196053	0.00594851	0.0049592	0.00223322	0.00707439
s	0.00318657	0.00141193	0.0290221	0.196018	0.37393	0.052714	0.027204	0.0245878	0.0516539	0.0828074	0.106767	0.0229399	0.0170974	0.00241474	0.000967691	0.00727767
y	0.00295021	0.00166126	0.0015226	0.0897921	0.0786886	0.0237473	0.0284876	0.0180517	0.401238	0.0585593	0.270065	0.0134444	0.00449086	0.000437689	0.000465268	0.00639743
ε	0.00536024	0.00573331	0.00109316	0.0192364	0.0221072	0.0183878	0.0242901	0.00618286	0.150351	0.0165294	0.714456	0.00824019	0.00198305	0.000279354	0.000827351	0.00494199
s	0.001046	0.000702476	0.000422114	0.0189962	0.0411285	0.0714967	0.0879148	0.0378813	0.332585	0.0677955	0.253288	0.0569024	0.0137538	0.00293183	0.0015524	0.0116036
ε	0.00113586	0.000494653	0.00241529	0.0253325	0.0546164	0.0779654	0.0516388	0.0269975	0.046842	0.0417508	0.58337	0.0477828	0.0160278	0.0104708	0.000660103	0.0124991
é	0.00179566	0.000544479	7.53799e-05	0.0170314	0.00980636	0.0645818	0.112914	0.168416	0.105799	0.29234	0.0319576	0.128108	0.0327217	0.0306939	0.0013496	0.00186562
d	0.00154322	0.000573006	0.000510357	0.0109488	0.0092392	0.00925807	0.00992561	0.0115451	0.00659413	0.250029	0.0531475	0.360182	0.248677	0.0204467	0.00440224	0.00297835
í	0.00264247	0.000250826	0.000127365	0.0124564	0.0052584	0.00817001	0.0249212	0.0240049	0.0261494	0.271956	0.0834272	0.398566	0.104175	0.0100769	0.00960874	0.0182089
b	0.0012972	0.000464816	7.27923e-05	0.00577785	0.00374878	0.0043112	0.00521851	0.00999039	0.00718802	0.0681138	0.0438603	0.297173	0.482167	0.0561209	0.00592964	0.00856593
v	0.000717017	0.00450558	7.97544e-05	0.00333717	0.00167389	0.000930217	0.00077891	0.00184905	0.000111704	0.0039247	0.0186394	0.0968051	0.83359	0.023893	0.00779075	0.00137364
e	0.000596467	0.0015138	1.48786e-05	0.00138984	0.00156838	0.00169606	0.00151638	0.00320734	0.000358199	0.00302686	0.0151131	0.110792	0.788543	0.0475917	0.00966547	0.0134063
r	0.000228262	0.000123377	1.12929e-05	0.000872471	0.000657356	0.000800614	0.000723879	0.000784227	0.000949164	0.00270673	0.03982	0.0917881	0.818464	0.0290981	0.00532327	0.00764975
é	0.00125556	0.00020322	0.00019478	0.00367419	0.00204604	0.00710995	0.00912531	0.00622172	0.00150164	0.0172687	0.164731	0.264587	0.323477	0.0999838	0.0229515	0.0756685
b	0.00229345	0.000274912	0.000217988	0.0022236	0.00213377	0.00329575	0.00351898	0.00628254	0.00398135	0.0806487	0.032129	0.167519	0.187383	0.341458	0.0574923	0.109148
á	0.00380806	0.00393811	0.000852218	0.0071285	0.00745486	0.00269731	0.00108312	0.00219177	0.000271094	0.00691427	0.0168062	0.0853849	0.66919	0.123546	0.0266474	0.0420862
m	0.0098614	0.0331856	0.00103378	0.0098383	0.00273047	0.00236818	0.00240553	0.0059945	0.00220932	0.00987223	0.00266783	0.0214854	0.0456971	0.53975	0.223614	0.0872861
í	0.000319056	0.000770837	1.92409e-05	0.000648237	0.000126942	0.000668513	0.001258	0.00118352	3.20942e-05	0.000501642	0.000342398	0.00289235	0.00230383	0.06865	0.829168	0.0911154
á	0.00117674	0.00135726	5.16221e-05	0.00372315	0.000998209	0.00216893	0.00224564	0.00363007	0.000155382	0.00443945	0.000164012	0.0108342	0.00923177	0.247117	0.679904	0.0328021
</S>	0.000446012	0.000128715	9.47914e-05	0.00104176	0.000608352	0.000592134	0.000831621	0.00133306	0.000444734	0.00602718	0.0004646	0.00931964	0.0120921	0.129601	0.326546	0.510429
