 	ces	enfants	sont	rentrés	au	village	et	personne	d'	eux	m'	a	dit	au-revoir	</S>
b	0.453638	0.523183	0.00336578	0.00267558	0.00191963	0.000148392	0.00101451	0.000237066	0.00120609	0.00834564	0.0019278	0.00159872	0.000436769	0.000280088	2.29274e-05
á	0.034451	0.962001	0.000797608	0.000952248	0.000406375	3.08347e-06	0.000141753	0.000120907	5.30752e-05	0.000241177	0.000183793	0.00048509	7.29401e-05	7.77298e-05	1.18122e-05
n	0.0615322	0.909886	0.00102002	0.00177797	0.000258367	2.55743e-05	0.000178603	0.000285928	0.000265968	0.00364716	0.0171298	0.00370695	7.19315e-05	0.00015189	6.14532e-05
a	0.254734	0.515021	0.00914654	0.00326575	0.00176829	0.000191754	0.00129477	0.00104169	0.00226118	0.00588115	0.128197	0.0529587	0.000363879	0.00365419	0.0202209
b	0.404528	0.211389	0.143501	0.0187072	0.0432416	0.00323648	0.0186141	0.00903204	0.0181482	0.0214458	0.00829559	0.0273145	0.0128379	0.0282604	0.0314487
á	0.0848895	0.0596654	0.369518	0.117582	0.169419	0.000681955	0.0323365	0.0119471	0.0227576	0.0310341	0.00713552	0.0401097	0.00683299	0.00848814	0.0376022
á	0.0777548	0.202024	0.352558	0.0980735	0.0266487	0.01193	0.0196014	0.0122109	0.0146413	0.0202985	0.00898976	0.0295195	0.017985	0.0239232	0.083841
b	0.0148122	0.00412705	0.475291	0.25555	0.0323549	0.0110528	0.00422966	0.00674703	0.014117	0.00760591	0.00242074	0.00996612	0.0618068	0.0232458	0.0766727
v	0.0162267	0.0174673	0.115637	0.653299	0.056516	0.00434872	0.00947691	0.00814004	0.0149476	0.0202009	0.00521894	0.0234627	0.0139877	0.0125168	0.0285536
ú	0.0611618	0.00820192	0.180044	0.549406	0.0846791	0.00146718	0.00567893	0.00379629	0.00696636	0.031874	0.00566292	0.0211011	0.0139548	0.00614087	0.0198649
r	0.138023	0.0200629	0.177772	0.521778	0.0309623	0.00931732	0.00958346	0.00746002	0.017923	0.00695387	0.000542113	0.00222944	0.00803942	0.0251616	0.0241922
ú	0.135373	0.00990464	0.236644	0.208122	0.167154	0.0479658	0.0403496	0.0149601	0.0521232	0.0158096	0.00680572	0.00830003	0.0105131	0.0111329	0.0348415
p	0.0314158	0.00118065	0.093889	0.0597756	0.561775	0.0227306	0.0520056	0.021652	0.0355235	0.0457745	0.0237385	0.020581	0.0192366	0.00554649	0.00517484
o	0.00792368	0.00831769	0.0137985	0.0396978	0.029412	0.828983	0.0119056	0.00662399	0.0125359	0.0230196	0.000816851	0.00516017	0.00186547	0.00296705	0.00697271
o	0.00140509	0.000114038	0.0104714	0.0124904	0.0817618	0.618638	0.0581431	0.0518121	0.091062	0.0485306	0.000955183	0.00487777	0.0095041	0.00230373	0.00793106
s	0.00127925	1.46428e-05	0.014868	0.00468399	0.0750712	0.027403	0.109438	0.147513	0.240476	0.164532	0.0107851	0.0543413	0.114992	0.014696	0.0199072
i	0.0204733	5.52441e-05	0.0317379	0.0074672	0.0746978	0.0401459	0.130482	0.111168	0.232996	0.145549	0.0497175	0.0404198	0.037893	0.0578772	0.0193204
o	0.00611035	9.15859e-05	0.0115052	0.00293622	0.0465145	0.0186778	0.134493	0.0716176	0.174286	0.166962	0.12423	0.112972	0.0878909	0.0225919	0.0191207
l	0.00320099	0.00013012	0.0156269	0.0152705	0.00603087	0.0745927	0.0221904	0.0831197	0.12109	0.062409	0.00481466	0.0141262	0.290922	0.224033	0.0624432
a	0.00589314	3.62423e-05	0.0257567	0.0387325	0.00495446	0.00920927	0.00745472	0.0211406	0.0729882	0.0268414	0.0017061	0.00809874	0.314153	0.289154	0.173881
a	0.000538406	5.85174e-05	0.010995	0.0129425	0.0158734	0.071211	0.0466004	0.0642857	0.222621	0.0737941	0.00114778	0.00820074	0.197282	0.122864	0.151585
n	0.00172982	5.72783e-05	0.00285857	0.00140556	0.010819	0.00774433	0.0429022	0.0336898	0.111579	0.142706	0.178739	0.151459	0.175172	0.0905696	0.0485701
i	0.0116954	0.000462677	0.00356374	0.00646227	0.00467515	0.00252553	0.0210591	0.0123175	0.0877292	0.0347692	0.309041	0.0683127	0.0262972	0.336802	0.0742878
l	0.00103127	5.94641e-05	0.00259779	0.000472999	0.010633	0.00472468	0.0524857	0.0301538	0.0903721	0.0721985	0.0850937	0.108873	0.0923965	0.180627	0.26828
a	0.00768416	8.18843e-05	0.0158273	0.00456932	0.0153014	0.0105442	0.025207	0.0218061	0.0688911	0.0307724	0.0325351	0.0689169	0.0962819	0.143181	0.4584
n	0.00161424	0.000319798	0.00325721	0.00180679	0.00815526	0.00481095	0.0276124	0.0120824	0.0563553	0.0744896	0.179522	0.0860102	0.0442536	0.38068	0.11903
g	0.00977213	3.70646e-05	0.000610645	0.000894074	0.000608664	8.62201e-05	0.00175325	0.00121324	0.0078719	0.00255987	0.279914	0.00882934	0.00650887	0.630179	0.0491618
á	0.00105019	0.000637193	0.00105982	0.000792481	0.000897758	0.00041704	0.00445949	0.00347658	0.00974715	0.00307646	0.0814769	0.0148539	0.0121456	0.765227	0.100682
k	0.000885845	1.41569e-05	0.00162058	0.000861746	0.0030905	0.0029836	0.0246455	0.0223049	0.0578745	0.0282694	0.0127465	0.046844	0.0736164	0.179719	0.544523
a	0.00809694	0.00108922	0.0119808	0.0370647	0.0306581	0.0549849	0.0149219	0.00597458	0.0315321	0.0504607	0.00155169	0.0225601	0.115403	0.363516	0.250205
á	0.00198175	5.59796e-05	0.00194766	0.00438482	0.00625232	0.0126444	0.00651002	0.00354392	0.0367296	0.0374495	0.00873033	0.0249315	0.0590277	0.153025	0.642786
</S>	0.000436978	7.54402e-05	0.00544783	0.00179201	0.00499748	0.0016631	0.00931556	0.00764105	0.0138044	0.0161859	0.0626926	0.0954421	0.0323807	0.136023	0.612102
