 	la	manière	dont	il	m'	a	brimé	dans	le	partage	du	gibier	montre	qu'	il	est	avide	</S>
e	0.170589	0.26307	0.234794	0.0568893	0.0322182	0.0166832	0.0165739	0.0302133	0.0402107	0.0282251	0.0276307	0.0348237	0.0170152	0.00379585	0.00760031	0.00725596	0.00146902	0.0109425
k	0.00658529	0.012404	0.0877724	0.0403791	0.0459766	0.095378	0.110619	0.119355	0.0946129	0.0726024	0.104156	0.0622424	0.0307276	0.00620247	0.010389	0.0170585	0.0661177	0.0174211
y	0.0203989	0.00115803	0.00610698	0.0140823	0.0126494	0.04636	0.147909	0.147139	0.0916439	0.223626	0.0669669	0.017731	0.038845	0.0196322	0.0145245	0.0047238	0.123075	0.00342791
e	0.00131584	0.00261143	0.0488268	0.00895413	0.00826122	0.0574155	0.178544	0.144214	0.0677661	0.245272	0.113501	0.00653369	0.0356347	0.00892005	0.0113076	0.00738807	0.0444934	0.00904069
l	0.00456417	0.0108088	0.0266352	0.0154383	0.0259445	0.0619615	0.12486	0.292709	0.136855	0.133652	0.074356	0.0277329	0.0172284	0.00378791	0.00352607	0.0130912	0.0109563	0.0158933
í	0.0188781	0.0152994	0.0518304	0.0125806	0.0249465	0.0907735	0.136836	0.129784	0.0486455	0.0504404	0.0813927	0.0143997	0.0165187	0.0116132	0.00917891	0.00581385	0.00614533	0.274923
í	0.0286513	0.0277506	0.0765779	0.106215	0.0937267	0.104177	0.059421	0.0790237	0.0784235	0.043216	0.0526128	0.0269596	0.0332141	0.056054	0.0377366	0.0301925	0.00396775	0.0620802
l	0.0270878	0.0105101	0.0711199	0.0338789	0.0709312	0.124195	0.0917046	0.0667959	0.0684666	0.106628	0.0639789	0.010815	0.0307429	0.0327498	0.043957	0.0402355	0.0138532	0.0923498
í	0.0196559	0.01736	0.0724899	0.0836955	0.0325598	0.0482858	0.038031	0.03841	0.0291738	0.0823849	0.0487556	0.011192	0.0251169	0.0289556	0.0373512	0.0724682	0.0122241	0.301889
y	0.0227869	0.0613254	0.227556	0.17368	0.0493883	0.027146	0.0254641	0.0537556	0.064083	0.0816839	0.0312414	0.0478362	0.0273772	0.019163	0.014317	0.0218036	0.00418043	0.0472122
é	0.00342319	0.00863832	0.255458	0.062362	0.0447923	0.0293657	0.0380074	0.0248018	0.0379352	0.152618	0.0558354	0.0923708	0.055775	0.0456668	0.0204627	0.0109534	0.00379095	0.0577422
é	0.0210103	0.0245074	0.187003	0.0859654	0.0871955	0.0496064	0.0487094	0.0367151	0.0604926	0.171295	0.0381015	0.092511	0.0331246	0.0173935	0.00660257	0.00626663	0.00330253	0.0301975
k	0.00232296	0.000567512	0.0025691	0.0163134	0.0435067	0.0704637	0.0598786	0.09342	0.0945423	0.404024	0.0705082	0.065413	0.0292832	0.00629632	0.00706133	0.0133777	0.00619324	0.014259
y	0.000348936	0.000141295	0.000550566	0.015459	0.0134722	0.0846725	0.127702	0.0975144	0.078292	0.218007	0.177881	0.0324821	0.0818575	0.0220955	0.0125298	0.00909673	0.00808239	0.0198149
ε	0.000637589	0.000263661	0.00352828	0.0246946	0.0388149	0.106056	0.123219	0.0782056	0.0756308	0.183776	0.165662	0.0386206	0.0788387	0.0274852	0.0167897	0.00768982	0.00965765	0.0204299
l	0.0005635	0.0025698	0.0304642	0.0934569	0.0521106	0.0468883	0.0730754	0.0632374	0.079928	0.0781535	0.148235	0.133957	0.0881357	0.039611	0.0179477	0.0134507	0.00571721	0.0324987
í	0.000687014	0.000251736	0.00558122	0.0561648	0.0529945	0.049892	0.0805392	0.0804379	0.115953	0.0734623	0.172171	0.138686	0.0638143	0.0501274	0.0277808	0.0118943	0.00205534	0.0175069
í	0.000238866	0.000868884	0.00570746	0.110796	0.13869	0.0428436	0.0369051	0.0696135	0.0913839	0.0375116	0.0892336	0.210433	0.0699778	0.0695793	0.0199091	0.00267207	0.000438515	0.00319757
w	0.000886683	0.000744457	0.0022162	0.0263664	0.198407	0.0594029	0.0213666	0.0831513	0.101434	0.0792507	0.101238	0.163546	0.0880902	0.0421173	0.018415	0.00941153	0.001249	0.00270658
a	0.000524329	0.00119854	0.00396427	0.0496289	0.100476	0.0459644	0.026756	0.0314837	0.0517638	0.0307583	0.0815133	0.13617	0.0948908	0.141489	0.144754	0.0281073	0.00869321	0.0218646
n	0.000119616	0.000132161	0.000862591	0.0179272	0.0638764	0.0363733	0.0338147	0.0395214	0.0655795	0.0693698	0.138992	0.226325	0.128847	0.119388	0.042603	0.00642851	0.00207614	0.00776323
g	0.00261774	0.00286083	0.0081303	0.0084071	0.106152	0.0346571	0.0222371	0.0184772	0.0670936	0.0950377	0.0876653	0.382794	0.0971778	0.040551	0.0124282	0.00187405	0.000361972	0.0114773
á	6.52164e-05	0.000512056	0.00169127	0.00193012	0.0402984	0.00977182	0.00775249	0.00577998	0.0306509	0.087895	0.0465105	0.689476	0.0621927	0.0102476	0.00304423	0.000407684	8.61254e-05	0.00168744
n	0.000242027	0.000214794	0.00201661	0.0150043	0.035406	0.0220819	0.0215216	0.0381044	0.0497636	0.0339062	0.182168	0.0951492	0.183433	0.207796	0.0759861	0.0280421	0.0045816	0.00458339
y	0.00131304	0.00214009	0.0114348	0.00672501	0.0891219	0.0243825	0.0136093	0.00946601	0.037297	0.0310255	0.0930652	0.369052	0.146169	0.0935147	0.0456527	0.00651298	0.000575525	0.018943
a	0.00124118	0.00114223	0.00533427	0.00143183	0.0441635	0.0183926	0.0153027	0.00695677	0.027192	0.0447782	0.0984393	0.471558	0.135527	0.0670616	0.0328548	0.0106598	0.0045132	0.0134514
m	8.07477e-05	5.57652e-05	0.000557116	0.00164017	0.0139714	0.0153243	0.0246739	0.0305031	0.0587813	0.097728	0.125386	0.165688	0.185513	0.029439	0.0510064	0.0996327	0.0178945	0.0821243
a	0.0239807	0.00414777	0.00369645	0.00921623	0.0197125	0.0504935	0.0505921	0.0314489	0.0355509	0.0553302	0.209512	0.0516299	0.159921	0.0774379	0.0559123	0.0599909	0.035523	0.0659042
é	0.000825754	0.000898508	0.00161584	0.00841025	0.0171257	0.0191654	0.011009	0.0236718	0.0226295	0.0080539	0.0425169	0.013332	0.0662246	0.0987355	0.179442	0.350334	0.0142454	0.121764
d	0.000481419	0.00046301	0.00103938	0.00412198	0.00699299	0.0171385	0.0121045	0.02209	0.016602	0.0212165	0.0339976	0.00394851	0.0267752	0.0217348	0.0936742	0.499825	0.13631	0.0814844
i	0.000188181	0.000722033	0.000479853	0.00216451	0.00999262	0.0147156	0.00733653	0.0368166	0.0143915	0.00955135	0.0222884	0.00511721	0.0177558	0.0179749	0.0535158	0.43199	0.079914	0.275085
y	0.00133484	0.00164645	0.00095644	0.00270867	0.0153443	0.0112708	0.00922125	0.0270507	0.01786	0.00499264	0.0392025	0.0149257	0.0227145	0.019525	0.0400514	0.466469	0.132522	0.172203
u	0.00046899	0.00188231	0.00302083	0.00249764	0.00931813	0.00823176	0.00866425	0.0100261	0.00946849	0.00711818	0.0247	0.0176794	0.0184887	0.0286727	0.0463806	0.135538	0.513666	0.154177
l	0.000534407	0.000561486	0.0010019	0.0025884	0.0129281	0.00673646	0.01097	0.0144054	0.0121885	0.0064265	0.0722397	0.0231208	0.0257413	0.0257161	0.0174625	0.101072	0.247558	0.418749
u	0.00112231	0.000357223	0.000710637	0.00567467	0.0128896	0.0113849	0.00928436	0.0214526	0.0214942	0.00556219	0.0595274	0.0244618	0.0293814	0.0455113	0.0756087	0.262955	0.14818	0.264442
</S>	0.000104975	0.000201682	0.000247571	0.00099941	0.00305317	0.00291786	0.00352368	0.00684394	0.00565222	0.00251777	0.0229282	0.00880349	0.0181151	0.0171836	0.0301663	0.194476	0.133107	0.549159
