 	la	femme	a	porté	une	robe	noire	car	elle	est	en	deuil	</S>
o	0.896331	0.0867028	0.00406504	0.000759418	0.00139713	0.004309	0.00202722	0.0018106	0.00163028	0.000310954	0.000563585	4.72922e-05	4.56882e-05
y	0.0498043	0.938883	0.00468916	0.00287157	0.000922486	0.000364907	0.000364481	0.000417998	0.000475544	0.000314036	0.00024135	0.000320927	0.000330349
ú	0.973286	0.0247623	0.000239272	0.000378731	0.000692919	9.8887e-05	0.000116253	0.000153427	6.53991e-05	6.55162e-05	3.34199e-05	3.21837e-05	7.60702e-05
r	0.989662	0.00328372	0.000127322	0.000418094	0.00187736	0.00045553	0.000338542	0.00103184	0.000498583	0.000417744	0.000447772	0.000413523	0.00102761
u	0.81357	0.0149084	0.0325703	0.00966722	0.0238782	0.0156748	0.0156242	0.0192961	0.0200912	0.00732431	0.00517837	0.00511322	0.0171035
á	0.0834141	0.0260797	0.565487	0.0800253	0.0173559	0.0205685	0.0266906	0.0263562	0.0347276	0.0315249	0.0231525	0.00688277	0.0577346
l	0.0283937	0.00337571	0.303411	0.566677	0.0387526	0.00638864	0.00372457	0.00393732	0.00293604	0.0165409	0.0107832	0.00198044	0.013099
á	0.00258869	0.000128406	0.112578	0.804777	0.0491182	0.00283543	0.00126782	0.00124857	0.00076496	0.00595589	0.00572524	0.00156745	0.0114443
r	0.0280508	8.67036e-05	0.0292652	0.830226	0.0844739	0.00458991	0.00150689	0.00335133	0.00186976	0.00387155	0.00343483	0.000773057	0.00849991
i	0.0505536	0.000285772	0.294474	0.35799	0.182854	0.0223086	0.0118971	0.0201193	0.0238246	0.00944336	0.00530726	0.00369335	0.017249
o	0.03139	0.00114441	0.278227	0.153692	0.271071	0.0971775	0.0361716	0.0292848	0.0371069	0.013297	0.0164136	0.00823409	0.0267895
k	0.00422701	0.000287161	0.010867	0.254518	0.46542	0.201289	0.0355861	0.0114818	0.00287902	0.00498588	0.00360075	0.00328655	0.00157203
á	0.000840441	3.61498e-06	0.00434236	0.0986668	0.53588	0.153433	0.159498	0.0187825	0.00269229	0.00911171	0.00263747	0.00771318	0.00639863
n	0.00310631	1.31424e-05	0.0194655	0.168286	0.347449	0.201262	0.0718466	0.0319639	0.015242	0.0338915	0.0216493	0.0165239	0.0693007
d	0.00322206	8.99613e-06	0.0467262	0.178879	0.327262	0.182696	0.0602452	0.0692612	0.0401001	0.0154257	0.00919125	0.00505517	0.0619273
á	0.00334504	0.00030003	0.0726657	0.195415	0.301809	0.149679	0.0489925	0.0576289	0.0338601	0.0104717	0.00489643	0.00474889	0.116186
m	0.00674041	0.000243586	0.0142691	0.0290012	0.139186	0.387856	0.218545	0.106946	0.0471599	0.0123463	0.0160704	0.00409177	0.0175429
á	0.00239496	0.000241076	0.0087764	0.0117363	0.0209121	0.387644	0.17742	0.098126	0.117287	0.0600399	0.032962	0.00475834	0.0777017
p	0.00602538	0.000189744	0.00365123	0.00628243	0.0198527	0.193646	0.32136	0.28784	0.0880962	0.0266869	0.0160332	0.019343	0.0109931
i	0.000692537	4.44058e-06	0.000414042	0.000773227	0.0309168	0.137848	0.609986	0.154072	0.0240667	0.0139598	0.00439202	0.0187922	0.00408178
t	0.000635581	6.64933e-06	0.00114148	0.00208664	0.0240243	0.170781	0.456876	0.220587	0.0634925	0.0226497	0.00792731	0.00981391	0.0199775
s	0.00317334	2.75342e-06	0.000735645	0.000444875	0.0247541	0.0987606	0.531524	0.193099	0.0806528	0.029003	0.00421064	0.0160794	0.0175601
í	0.000765974	2.81636e-07	0.000612069	0.00325903	0.0332617	0.10125	0.341666	0.399174	0.0317989	0.0171998	0.00586869	0.00963626	0.0555075
n	0.00211378	1.76605e-05	0.00174815	0.000884641	0.00360329	0.043808	0.245364	0.461508	0.13954	0.0196812	0.00711727	0.00876171	0.0658523
a	0.00767711	0.000154979	0.0118659	0.0097662	0.0155976	0.0376292	0.0796068	0.31742	0.139719	0.0356208	0.014987	0.0306531	0.299302
a	0.00253477	8.66431e-06	0.00375576	0.00199752	0.00299556	0.0237508	0.0812475	0.373679	0.327789	0.0962294	0.0345804	0.00843761	0.042994
d	0.00234411	4.39128e-05	0.013847	0.0274394	0.0082097	0.0197899	0.0179491	0.0919276	0.1481	0.325423	0.286798	0.0331171	0.0250112
i	0.00097646	6.43396e-05	0.00262365	0.00938534	0.00342618	0.00313124	0.00367679	0.0456694	0.0675153	0.287698	0.170962	0.0286673	0.376204
m	0.000135093	4.69374e-06	0.000866062	0.00150992	0.00196875	0.0088352	0.0194338	0.084426	0.0580839	0.265797	0.441036	0.0300616	0.0878419
í	0.000358691	2.96554e-05	0.00139414	0.0016102	0.00299543	0.0134726	0.0146712	0.035088	0.09238	0.219299	0.345726	0.0924048	0.18057
l	0.000619255	7.21493e-06	0.0010191	0.00161796	0.00156702	0.0079363	0.0119479	0.0346726	0.0752464	0.150413	0.316886	0.288998	0.109069
y	0.000544172	2.15352e-05	0.00108379	0.011617	0.0041869	0.0065631	0.00848647	0.0258686	0.0385313	0.115511	0.121034	0.320702	0.34585
ε	0.00137178	0.000581831	0.00112098	0.00364582	0.0092747	0.00355795	0.0073597	0.0199303	0.0247962	0.120458	0.117949	0.493872	0.196083
b	0.000522196	7.02921e-06	6.14526e-05	0.000123416	0.00104525	0.00125354	0.00459144	0.0195317	0.0127004	0.0418061	0.0619118	0.741555	0.114891
h	0.000605279	1.38737e-06	0.000194876	0.000245671	0.00100374	0.0064694	0.0169207	0.0659143	0.0878175	0.209377	0.201478	0.271283	0.138689
ω	0.000596317	6.9549e-07	0.000311923	0.000198848	0.00363025	0.0173062	0.042024	0.122432	0.0737849	0.118179	0.150784	0.329875	0.140877
</S>	0.00598079	1.34622e-06	0.000370776	0.000311174	0.0022281	0.00587624	0.00627554	0.0140624	0.0338253	0.0661386	0.112597	0.075948	0.676384
