 	a66	a87	a23	a79	a54	a47	a37	a47	a85	a6	a61	a93	a90	a92	a44	a56	a62	a88	a98	a15	a7	a84	a57	a87	a23	a87	</S>
il	0.0429455	0.0930709	0.0550813	0.0731662	0.132642	0.0673504	0.0718299	0.0456374	0.0323879	0.0267675	0.0161653	0.0200805	0.0141238	0.00644328	0.00920064	0.00957262	0.00825266	0.0131413	0.0151238	0.00678556	0.0170355	0.0436398	0.0235695	0.0131876	0.0326253	0.0276723	0.0825017
va	0.0181763	0.0154759	0.0151826	0.0185989	0.0179303	0.0305393	0.0642807	0.0522265	0.0482295	0.0470422	0.0253727	0.0233605	0.0296878	0.0291315	0.0262533	0.0478326	0.047591	0.0450531	0.0837101	0.0673082	0.0754088	0.0687332	0.0228007	0.0243726	0.0177063	0.0166344	0.0213613
te	0.0474614	0.0359062	0.0343038	0.0165677	0.0203756	0.0166437	0.00941272	0.015242	0.0177333	0.0125432	0.0135609	0.0147923	0.00951859	0.00896578	0.0105642	0.00925892	0.0132241	0.0310136	0.0465739	0.0546283	0.0722487	0.0653326	0.070348	0.0797369	0.072359	0.0874045	0.11428
poser	0.0623779	0.0283659	0.0314243	0.050153	0.0116639	0.00928163	0.00797668	0.00691579	0.011066	0.0166549	0.0341341	0.0568796	0.0288813	0.0288553	0.0218013	0.011865	0.0108585	0.00961317	0.0162291	0.0870023	0.109667	0.0721612	0.104001	0.0697168	0.0408068	0.0257141	0.0359335
ce	0.112189	0.109356	0.100388	0.0563785	0.0207423	0.0142819	0.0101958	0.0149863	0.0204223	0.0177121	0.0253347	0.0248153	0.0152924	0.0154093	0.0223649	0.0147152	0.00844159	0.0143227	0.0159036	0.0420585	0.0339106	0.0359126	0.040402	0.0456449	0.0374228	0.0370928	0.0943037
problème	0.0417982	0.0217528	0.0161171	0.0172295	0.0151328	0.0165103	0.0179636	0.0225233	0.0196582	0.0250861	0.0436472	0.0380044	0.0363981	0.043731	0.0457878	0.0288806	0.0261359	0.0387776	0.0376018	0.0451076	0.0545939	0.0534805	0.0593063	0.0504704	0.0667379	0.0589555	0.0586114
aujourd'	0.107163	0.0980974	0.0711405	0.0527534	0.0301242	0.0245435	0.0349535	0.0251463	0.0148082	0.0157602	0.0156005	0.0130299	0.00703171	0.00561348	0.00621313	0.00427941	0.0050182	0.0165246	0.0186906	0.0196651	0.023495	0.0397418	0.0713501	0.0620905	0.0600271	0.0422778	0.114861
hui	0.0663912	0.0400453	0.0214307	0.0225367	0.0132514	0.0128342	0.00895538	0.00674343	0.00358868	0.00521353	0.0179832	0.0114999	0.0089285	0.0171163	0.0133439	0.00539574	0.00834589	0.00959172	0.00786851	0.00897809	0.0142866	0.0329035	0.135979	0.110493	0.174293	0.145355	0.0766489
</S>	0.12481	0.138002	0.0752792	0.0285114	0.0221413	0.00962444	0.0080098	0.00783425	0.00697895	0.00966325	0.0174864	0.0144611	0.0102722	0.00413998	0.00696855	0.00432619	0.00491723	0.0206117	0.0351637	0.015327	0.0326421	0.0473657	0.04109	0.0343359	0.0477468	0.0594544	0.172837
