 	a66	a87	a23	a87	a23	a30	a4	a57	a53	a93	a98	a85	a47	a36	a37	a21	a85	a5	a43	a75	a85	a5	a61	a62	a12	a5	a18	a75	a5	a18	a25	a87	a23	a99	a97	</S>
okola	0.018959	0.0303053	0.0354065	0.0465912	0.041924	0.0571671	0.0349833	0.0356782	0.0364012	0.0525076	0.0294507	0.0275375	0.0200063	0.0136369	0.0118828	0.0114631	0.00942815	0.0136257	0.0162862	0.0244218	0.0192192	0.0173735	0.0291503	0.0182036	0.0213533	0.0191206	0.0179287	0.0233975	0.0245948	0.0289649	0.0392392	0.0370991	0.0351389	0.0272999	0.0292325	0.0450214
attrape	0.0396053	0.029462	0.0288349	0.0325318	0.043356	0.0416213	0.0274659	0.048422	0.0205065	0.0185474	0.0104902	0.0124568	0.0178406	0.0125474	0.0190966	0.0155621	0.0272673	0.0237423	0.0212428	0.0227444	0.0239233	0.0262363	0.0253134	0.0308367	0.0209798	0.0394011	0.0263243	0.0444198	0.0390649	0.0320426	0.0260628	0.0315201	0.0295756	0.0277933	0.0364269	0.0267353
beaucoup	0.0280253	0.0296152	0.02576	0.0291048	0.0238538	0.0224162	0.0171627	0.0181277	0.0113809	0.0112258	0.00692935	0.0137793	0.024943	0.0281263	0.0169081	0.0134603	0.00766591	0.0084687	0.0149512	0.0128964	0.0121345	0.0110314	0.0114232	0.0111545	0.00911078	0.0145175	0.012441	0.0408147	0.0330767	0.0609182	0.0514899	0.0596193	0.0726126	0.0567284	0.0606239	0.117502
d'	0.0365473	0.0486069	0.0306062	0.0348009	0.0573633	0.0279909	0.0275928	0.0130588	0.00728673	0.00478537	0.0126112	0.00568531	0.00817704	0.0173016	0.0138793	0.0295906	0.0373243	0.0332534	0.0223033	0.0248436	0.0309563	0.0258086	0.0264456	0.0477998	0.0409038	0.0397916	0.0456499	0.0308665	0.0246643	0.0382771	0.0338023	0.0246562	0.0232871	0.0247064	0.0152874	0.0334884
oiseaux	0.0642291	0.0448372	0.0267664	0.0224006	0.0235602	0.0274238	0.0254785	0.0302396	0.0146532	0.0116784	0.0161066	0.0117325	0.0147044	0.0200247	0.0188326	0.018894	0.0166369	0.0150207	0.0166739	0.0183555	0.0273862	0.0238546	0.019842	0.0363401	0.0355358	0.054146	0.027263	0.0420601	0.0255419	0.0377691	0.0189488	0.0346709	0.0293188	0.0323237	0.0389839	0.0577659
avec	0.0262277	0.020047	0.0198718	0.0163389	0.0204067	0.0241719	0.0195364	0.0280668	0.0250614	0.0295224	0.0457119	0.0327881	0.0358768	0.0284376	0.0277815	0.0179001	0.0192505	0.0125691	0.00965889	0.0150681	0.0188446	0.0237713	0.0228476	0.028671	0.0354432	0.0397535	0.0340851	0.03941	0.0286119	0.0438743	0.0330608	0.0321821	0.0372672	0.0344495	0.0310492	0.0423853
le	0.0559405	0.0426927	0.0310193	0.0282047	0.0190104	0.0138817	0.00852227	0.0150175	0.0063946	0.00674441	0.0042786	0.00484883	0.005642	0.00463869	0.00465707	0.00333052	0.00713337	0.00486963	0.0139709	0.0211986	0.0288625	0.0373132	0.0284289	0.025288	0.0326307	0.0484545	0.0328948	0.0490931	0.0430197	0.057087	0.0402933	0.0535082	0.0497954	0.0530902	0.0564997	0.0617444
gluau	0.0413135	0.0326039	0.0224206	0.0212661	0.0204435	0.0222849	0.0198204	0.0377243	0.0152688	0.0197753	0.0126527	0.0242144	0.0230898	0.0129948	0.0160455	0.00780377	0.008456	0.00591539	0.00771838	0.0110922	0.0152979	0.0150164	0.0170813	0.0212044	0.0431963	0.0384506	0.0505149	0.0498148	0.0526104	0.0500749	0.0533815	0.0531342	0.034739	0.0434853	0.0407398	0.0383541
</S>	0.0445832	0.0389911	0.0404395	0.0396442	0.0401004	0.0272501	0.0184126	0.0341352	0.0300343	0.0239024	0.0132902	0.0227793	0.0204929	0.00929182	0.0101778	0.0056519	0.0068	0.00622478	0.00982138	0.0112682	0.0161311	0.016017	0.0107193	0.0131493	0.0177462	0.0256608	0.0248174	0.0347254	0.0363611	0.034803	0.024005	0.0431044	0.0471706	0.0571764	0.0615626	0.0835592
