 	a23	a30	a13	a9	a13	a90	a15	a6	a37	a21	a61	a47	a96	a70	a75	a25	a56	a96	a24	a62	a93	a83	a99	a9	a87	a23	a87	</S>
le	0.038022	0.0637196	0.0664576	0.0708349	0.0379102	0.0221402	0.0286808	0.0330538	0.0324274	0.0290028	0.0266548	0.0294178	0.039411	0.0181365	0.0088663	0.00566234	0.00284958	0.00266664	0.00802714	0.0141756	0.0276043	0.038002	0.0481481	0.0591427	0.0646738	0.0749415	0.0451827	0.064188
forgeron	0.00678341	0.021925	0.0398013	0.041773	0.0285941	0.0867951	0.187052	0.161459	0.169709	0.0675155	0.0318087	0.0376317	0.0144226	0.00995409	0.00746975	0.0160898	0.00970328	0.00907151	0.0067813	0.00576618	0.000776637	0.00734646	0.00321954	0.00258995	0.00654022	0.00654927	0.00850598	0.00436578
bat	0.0281755	0.0300246	0.0497315	0.035192	0.0737448	0.06317	0.117473	0.21694	0.127639	0.0491336	0.046691	0.0104317	0.0242913	0.021885	0.0129251	0.00717629	0.00885072	0.00191475	0.00252144	0.00692522	0.00181748	0.00789011	0.00705778	0.00990247	0.0104906	0.00854573	0.0135439	0.00591536
le	0.0381387	0.0141033	0.0134029	0.0153573	0.0175576	0.0205926	0.0234101	0.0355676	0.0305922	0.0146087	0.0250133	0.0495228	0.0608124	0.106302	0.0487878	0.051959	0.036686	0.0168338	0.0166825	0.0197137	0.0184732	0.0257261	0.0419932	0.0368368	0.0704043	0.0662203	0.0561639	0.0285377
fer	0.0631724	0.0286732	0.04303	0.0414649	0.0430136	0.0251497	0.01772	0.0187106	0.0223527	0.0256339	0.0410388	0.0480378	0.129192	0.0730871	0.0343566	0.0200152	0.0164033	0.0148933	0.0105449	0.0298092	0.017706	0.0513193	0.026463	0.0212234	0.0299524	0.0244134	0.0305078	0.052115
sur	0.0359279	0.0404015	0.0284276	0.043942	0.0550809	0.0465882	0.050234	0.0345719	0.0346119	0.0270686	0.04332	0.0503507	0.0699701	0.0581322	0.0520666	0.0278303	0.0197294	0.0153107	0.0168409	0.0168969	0.0163333	0.0296055	0.028442	0.0315658	0.0290686	0.0276288	0.0257137	0.04434
l'	0.0240908	0.012353	0.0114165	0.0102739	0.0223231	0.0156683	0.0117848	0.0068543	0.0106942	0.0157647	0.0181911	0.0218595	0.127519	0.097248	0.0639124	0.0504163	0.0485638	0.038213	0.0426109	0.0511045	0.047941	0.0499819	0.0347332	0.0367713	0.0327595	0.0243902	0.021444	0.0511164
enclume	0.0905642	0.0369818	0.0400299	0.0395647	0.048751	0.0426612	0.0442791	0.0484455	0.0287935	0.0332853	0.0409226	0.0202209	0.0264682	0.0298895	0.0359942	0.0283088	0.0621599	0.0233571	0.0237664	0.0261875	0.0245003	0.0172353	0.0159601	0.0229045	0.0323865	0.0419708	0.0306678	0.0437435
</S>	0.0636296	0.0402161	0.0379734	0.0260656	0.0286966	0.0197283	0.0107158	0.00696757	0.0141309	0.0212396	0.035902	0.031181	0.087224	0.0437634	0.0369471	0.0237047	0.0165235	0.0183787	0.0143359	0.0219457	0.0193086	0.0390752	0.0302671	0.0430993	0.0416974	0.0396489	0.0381185	0.149515
