 	a87	a23	a40	a7	a0	a11	a90	a69	a15	a47	a36	a5	a37	a90	a44	a4	a93	a44	a11	a75	a79	a7	a69	a58	a82	a87	a23	a87	</S>
les	0.0603953	0.109092	0.141118	0.125095	0.0877842	0.0413176	0.038537	0.0262335	0.0310862	0.0185944	0.0222574	0.0173318	0.0196023	0.025153	0.0147755	0.0137023	0.0103578	0.00671448	0.00624408	0.00687015	0.0121806	0.0128641	0.0190014	0.0241268	0.0161116	0.0184254	0.02141	0.0179803	0.0356383
hyènes	0.00817683	0.0164999	0.0186947	0.0382952	0.0775499	0.105109	0.0918995	0.106183	0.158614	0.0674178	0.0673317	0.0621642	0.0554135	0.040566	0.0232348	0.0140943	0.00819094	0.0067163	0.00325029	0.00147289	0.00183574	0.00178555	0.00220777	0.00533026	0.00155719	0.00302969	0.00240315	0.00644557	0.00453012
font	0.0473091	0.0311352	0.0232394	0.0198312	0.0208077	0.026279	0.0442038	0.0355482	0.0463057	0.0532617	0.0474703	0.0348262	0.0326667	0.0193934	0.0162831	0.012037	0.0132983	0.0179873	0.0178274	0.0133854	0.0261408	0.0282911	0.0436086	0.0636836	0.0674914	0.0821091	0.0383891	0.0535731	0.0236172
du	0.0153116	0.0137975	0.0114573	0.0101726	0.0191341	0.0379626	0.0671008	0.0686283	0.0492932	0.113589	0.070198	0.0872819	0.0709516	0.067188	0.0592821	0.0514358	0.0244197	0.0151013	0.011126	0.012447	0.0141273	0.0166462	0.015424	0.0168478	0.0120797	0.0144225	0.0106757	0.0142881	0.00961065
bruit	0.0756398	0.0504959	0.0372646	0.0232048	0.0207398	0.0222469	0.0251008	0.0342694	0.0307387	0.0494457	0.0387441	0.0629228	0.0382695	0.0375292	0.0401151	0.0324677	0.0186925	0.0232384	0.0220052	0.0215338	0.0423063	0.039833	0.0347844	0.0436752	0.0173869	0.0329208	0.0235252	0.0220929	0.0388105
dans	0.119302	0.115301	0.072214	0.0357538	0.0267567	0.0299571	0.0246515	0.040078	0.044342	0.0385457	0.0345895	0.030172	0.0316954	0.0274104	0.0258703	0.0180871	0.0129338	0.0103146	0.0194361	0.0255719	0.0254085	0.0187125	0.0201829	0.0216139	0.0158077	0.0287508	0.0169919	0.0285467	0.0410027
la	0.130559	0.104007	0.0798392	0.0480544	0.0339528	0.0239829	0.011309	0.0108766	0.0115611	0.00831052	0.00460698	0.0201253	0.0212576	0.0192327	0.0165667	0.0115193	0.0133256	0.0134613	0.0129338	0.00924461	0.0136553	0.015039	0.0316151	0.0430229	0.03174	0.0766864	0.0278236	0.0476958	0.107995
forêt	0.0663223	0.0789675	0.0622344	0.0458087	0.0408726	0.0302402	0.0153776	0.00986086	0.0105222	0.00901643	0.0073839	0.0192333	0.0179957	0.0244642	0.0155079	0.0153729	0.0158456	0.0168836	0.0307139	0.0302262	0.0344565	0.0267112	0.0451059	0.0410738	0.052457	0.0491553	0.0543468	0.0620599	0.0717837
</S>	0.0849229	0.0502296	0.0320752	0.0232101	0.00797221	0.00807113	0.00318091	0.00297883	0.00291473	0.00481002	0.00355466	0.00578848	0.00826102	0.00885886	0.00825171	0.00811485	0.00824493	0.00746654	0.017092	0.0230215	0.042367	0.0397333	0.0602953	0.0624252	0.0685148	0.0705309	0.0905043	0.102926	0.143683
