 	a15	a66	a87	a23	a30	a54	a92	a98	a15	a79	a15	a98	a15	a40	a85	a92	a98	a25	a92	a56	a93	a4	a57	a3	a87	a23	a87	</S>
si	0.0950361	0.108633	0.076667	0.112132	0.0671764	0.0925987	0.0485382	0.0920445	0.0271299	0.0257365	0.0175547	0.00770728	0.0078466	0.00758956	0.00640003	0.00659678	0.00676107	0.00943912	0.0123812	0.0108836	0.0135563	0.014714	0.0165445	0.0121357	0.0134083	0.0202769	0.0226846	0.0478276
ce	0.0208469	0.0190566	0.0155336	0.0239232	0.0315292	0.0842588	0.135239	0.0649316	0.0415507	0.0634085	0.0774641	0.0579411	0.0554766	0.0478174	0.0466362	0.0356257	0.0214838	0.0177589	0.0250966	0.00880131	0.0141441	0.0113381	0.00941977	0.00798514	0.00593281	0.00943036	0.0108098	0.03656
guérisseur	0.0502807	0.052928	0.0530622	0.0530084	0.0602114	0.150243	0.093981	0.154227	0.111084	0.0727915	0.0266311	0.00787739	0.00630915	0.0054605	0.00666204	0.00590689	0.00625862	0.00423863	0.00299853	0.00377352	0.00743821	0.0129724	0.00817848	0.0133938	0.00681558	0.00723443	0.00554464	0.0104882
te	0.0211873	0.0219315	0.0179189	0.014942	0.0118258	0.0175517	0.0190691	0.0172635	0.0306081	0.0572565	0.0379643	0.0553583	0.139638	0.0868382	0.0279623	0.0605113	0.0414467	0.0208541	0.019402	0.0208639	0.0258173	0.0222665	0.0375757	0.0407966	0.0371465	0.0353713	0.0430871	0.0175456
soigne	0.104539	0.137323	0.0985209	0.0711218	0.0683332	0.0643082	0.0325056	0.0368444	0.0413185	0.0215196	0.0170058	0.0235775	0.0225663	0.0314493	0.0151367	0.0148062	0.0106256	0.0167071	0.0166062	0.0185451	0.0263519	0.0145344	0.0256621	0.0138506	0.00952115	0.0146198	0.0165067	0.0155928
tu	0.102252	0.0610317	0.0561355	0.0434601	0.0434922	0.0417331	0.0191317	0.0249629	0.0379971	0.0255174	0.0162608	0.0194509	0.0146782	0.0351725	0.0319506	0.0268746	0.0290775	0.0424712	0.0249728	0.0387016	0.0489873	0.0328627	0.0595836	0.0247264	0.0202214	0.0337099	0.0146512	0.0299332
seras	0.0537189	0.0263665	0.0210961	0.0183791	0.0136395	0.0127718	0.00579237	0.0115235	0.0162268	0.0152808	0.00724558	0.00321166	0.00153132	0.00163824	0.00810119	0.00727142	0.0137905	0.0292584	0.0145592	0.0549892	0.0846463	0.07744	0.120041	0.113915	0.0919265	0.0935383	0.0417923	0.0403081
guéri	0.0466483	0.0416648	0.0455669	0.0563976	0.0421571	0.0319863	0.0203413	0.0218993	0.0122173	0.0116797	0.0101538	0.00947257	0.00467745	0.0118761	0.0250253	0.0195413	0.0218824	0.0376431	0.0196664	0.0646877	0.0604501	0.0452335	0.075391	0.0662966	0.0542189	0.0596478	0.0429118	0.0406656
</S>	0.0464086	0.0267238	0.0188136	0.0205613	0.0165851	0.0147625	0.012664	0.0149998	0.0143076	0.0117729	0.0154225	0.0187652	0.00478577	0.00428811	0.00735756	0.00934986	0.0195989	0.0118516	0.0190171	0.048336	0.0408283	0.065127	0.0946022	0.0882386	0.0654729	0.0900458	0.079458	0.119856
