 	a23	a85	a87	a23	a40	a44	a26	a38	a20	a94	a24	a35	a90	a94	a38	a10	a11	a53	a76	a20	a94	a20	a73	a94	a76	a73	a44	a58	a84	a57	a87	</S>
c'	0.0793664	0.118233	0.102172	0.0609411	0.0895179	0.0491012	0.0380341	0.0442667	0.0621586	0.0242393	0.0330724	0.0171051	0.0163956	0.0170143	0.016602	0.0182868	0.0136463	0.0128347	0.024624	0.0236398	0.0146111	0.00711627	0.0149571	0.00609533	0.00527024	0.00692253	0.00936398	0.0110191	0.0238786	0.0148885	0.00619509	0.0184308
est	0.0178666	0.0242969	0.0193718	0.00942065	0.00827079	0.00915813	0.0118113	0.00872362	0.0133033	0.0130272	0.0122913	0.00505667	0.00743558	0.00391838	0.00516444	0.00775974	0.00768813	0.00430711	0.00501689	0.00739181	0.00841154	0.0177122	0.0260796	0.0531151	0.0793346	0.0411094	0.0796095	0.102939	0.10028	0.132134	0.105114	0.052881
une	0.0465674	0.0308282	0.0362097	0.026233	0.012498	0.00966872	0.0102624	0.0120664	0.0088892	0.00692437	0.00497484	0.00550474	0.00672901	0.00469335	0.00434067	0.00857477	0.00727909	0.00772235	0.00891569	0.00980003	0.0118868	0.00741158	0.00941529	0.0466565	0.063616	0.0596337	0.0909435	0.112627	0.0775783	0.0387153	0.138093	0.0747415
femme	0.00130447	0.000524508	0.000438962	0.00108391	0.00305217	0.00860542	0.00911273	0.0232386	0.0262593	0.036635	0.0362464	0.0970153	0.116377	0.0773225	0.136418	0.0540927	0.0366004	0.0557558	0.0755458	0.0695139	0.0533336	0.023991	0.0155912	0.00578339	0.00468771	0.0102005	0.00622417	0.00687254	0.00203371	0.00162638	0.00311714	0.0013955
d'	0.0244995	0.00641521	0.00772456	0.0068351	0.00889907	0.00625273	0.00514171	0.00806113	0.00810676	0.00455675	0.00498583	0.0123146	0.0081237	0.0136902	0.00862654	0.0188796	0.063845	0.0412031	0.0350662	0.0466199	0.0481592	0.0748912	0.0522451	0.0744655	0.0408795	0.0452407	0.0619136	0.0798779	0.0773169	0.0317671	0.0510731	0.0223231
une	0.0750118	0.0500876	0.0444036	0.0357412	0.0321896	0.0197381	0.0180537	0.0375795	0.0245548	0.0260596	0.020187	0.0620291	0.018218	0.0245161	0.0159091	0.00960745	0.00771675	0.00533059	0.00910735	0.0112073	0.0123986	0.0159111	0.0160184	0.0242934	0.0376873	0.0355792	0.0462874	0.0470424	0.0559583	0.0506916	0.0491117	0.0617723
grande	0.0508102	0.044191	0.0548779	0.0370781	0.0251988	0.0108576	0.0121664	0.012979	0.00734334	0.0162157	0.0137147	0.0117283	0.01129	0.015435	0.0143041	0.0123161	0.024834	0.0167751	0.040726	0.0417812	0.04264	0.0339741	0.0398949	0.0205444	0.0623528	0.0428238	0.0533271	0.0354504	0.0326144	0.0481953	0.0405674	0.0729928
beauté	0.0471588	0.0446524	0.046686	0.0234253	0.0147334	0.00760707	0.00517072	0.00301815	0.00291663	0.00399602	0.00470485	0.00632511	0.00768817	0.00528727	0.0059785	0.00536523	0.0178761	0.0271128	0.0341283	0.040894	0.0430588	0.0504841	0.0497543	0.0441651	0.064884	0.0562555	0.0857534	0.0733328	0.0551254	0.047461	0.0356921	0.0393087
</S>	0.0495466	0.0579229	0.0424156	0.0181159	0.00667121	0.00283221	0.00301758	0.00271965	0.0026565	0.00423835	0.00498331	0.00581919	0.00692632	0.00566793	0.00632165	0.0054353	0.010258	0.011612	0.0179245	0.0245905	0.0250169	0.0232105	0.0275915	0.0500692	0.0609386	0.0492729	0.0889623	0.0858422	0.0815706	0.0638399	0.0651904	0.0888197
