 	a66	a87	a97	a99	a3	a99	a83	a90	a92	a34	a56	a90	a92	a21	a47	a96	a34	a70	a21	a61	a21	a12	a43	a11	a18	a71	a3	a99	a3	a99	</S>
cette	0.0762176	0.075946	0.0550981	0.0575875	0.0337529	0.0264604	0.0179472	0.0100303	0.00826614	0.0190658	0.0218442	0.0226192	0.0149298	0.0154114	0.0112574	0.0114355	0.0225211	0.031627	0.0226962	0.0262473	0.0283291	0.0208701	0.027952	0.0389715	0.038615	0.0395609	0.0432956	0.0351202	0.0352388	0.0317801	0.0793058
jeune	0.0187489	0.014854	0.010993	0.0161554	0.0396646	0.120284	0.0719339	0.0825729	0.0715608	0.0738498	0.0739196	0.0653098	0.0488266	0.0468248	0.0344243	0.0312799	0.0473613	0.0256621	0.0203197	0.0232535	0.0143583	0.00527389	0.00941625	0.00565156	0.00495219	0.00422111	0.00260038	0.00265249	0.00398889	0.00429076	0.00479566
fille	0.0460309	0.0456229	0.043259	0.0503745	0.0570712	0.0462818	0.0407881	0.0374664	0.0257599	0.0721696	0.0756658	0.0781378	0.0722672	0.0406715	0.0436463	0.0216107	0.0192582	0.0139568	0.0120002	0.0139455	0.0180616	0.0105727	0.0113375	0.00730318	0.0102053	0.00717177	0.00992255	0.00875294	0.0154797	0.0317593	0.0134492
a	0.0192149	0.0202184	0.0190009	0.0149081	0.0206478	0.00936947	0.0083856	0.0098713	0.0127082	0.0221362	0.0681563	0.0945592	0.0853155	0.074503	0.0431899	0.0283518	0.0761253	0.0729278	0.0335894	0.0231299	0.0184554	0.0197679	0.0212635	0.0182988	0.0234206	0.0130585	0.0186538	0.0176843	0.0209467	0.0347794	0.0373618
un	0.0466411	0.0314382	0.0295456	0.0263394	0.0159998	0.0121965	0.0089213	0.00645024	0.0075848	0.0104512	0.0250841	0.0547485	0.086536	0.0809765	0.0695588	0.0729036	0.0568099	0.0417518	0.0302922	0.025209	0.0241437	0.027318	0.030679	0.0266327	0.0253455	0.0207792	0.0259755	0.0153461	0.0223432	0.0198505	0.022148
niveau	0.0274131	0.0230557	0.0169741	0.015593	0.0107904	0.00682096	0.00876824	0.00919874	0.00856353	0.0107689	0.0339181	0.105538	0.140042	0.101748	0.0711803	0.0578127	0.0586493	0.0352722	0.0309107	0.0300679	0.0263027	0.0177677	0.0217032	0.0238198	0.0188955	0.0211659	0.0179947	0.0108228	0.0166072	0.0115923	0.0102419
intellectuel	0.0248672	0.0233591	0.0170286	0.0156682	0.0133023	0.00806024	0.0105673	0.0147462	0.012375	0.0145841	0.0297424	0.0651947	0.0544543	0.0561791	0.0327177	0.0283252	0.0311121	0.0363104	0.0362017	0.0384342	0.0364485	0.0278006	0.0338442	0.0391604	0.044619	0.0456583	0.0534396	0.04244	0.0376671	0.0318657	0.0438265
important	0.0464843	0.0392936	0.0326317	0.0336556	0.0309777	0.0238659	0.0214326	0.0220981	0.0144389	0.00892222	0.0136701	0.0114481	0.0118544	0.012546	0.0127048	0.0125532	0.0194338	0.022504	0.0283295	0.0371162	0.0314196	0.0302153	0.0330415	0.0421662	0.0486323	0.048314	0.0607218	0.0627939	0.0497947	0.0532551	0.0836851
</S>	0.0463824	0.0255258	0.0215502	0.0236443	0.0195649	0.0150752	0.00900666	0.00606124	0.00459325	0.00597772	0.00849356	0.0109695	0.0107745	0.0115656	0.0102488	0.00776477	0.0111439	0.0155246	0.0218833	0.0348453	0.0354606	0.0272321	0.0433244	0.046123	0.0589216	0.0625156	0.06662	0.0704144	0.0729186	0.0846939	0.11118
