 	a66	a87	a23	a4	a57	a53	a93	a56	a96	a56	a61	a75	a79	a56	a43	a11	a10	a87	a23	a87	</S>
le	0.0661911	0.0547053	0.0405949	0.0129301	0.00390798	0.00502801	0.00380339	0.00389444	0.00507679	0.00596275	0.00478387	0.00825219	0.0124443	0.0337127	0.0575949	0.072391	0.094588	0.125266	0.10931	0.129626	0.149936
bois	0.0717404	0.0919503	0.162207	0.142142	0.11375	0.0878829	0.0340276	0.0555444	0.0312903	0.0958257	0.0288303	0.03532	0.015423	0.00855798	0.0025252	0.00301671	0.00322817	0.00352577	0.00555929	0.00583775	0.00181522
de	0.0812164	0.130979	0.202287	0.177842	0.137525	0.0863344	0.0385755	0.0407435	0.012957	0.0302892	0.00849103	0.0161177	0.00474413	0.00560913	0.00264645	0.00275501	0.00331575	0.00259375	0.00679639	0.00607628	0.00210526
l'	0.0120202	0.010271	0.0083884	0.0058276	0.0338016	0.0643816	0.0947907	0.0721538	0.0764333	0.0707077	0.115815	0.28363	0.0210031	0.0191288	0.0129603	0.0175129	0.0173465	0.0189178	0.021028	0.0158788	0.00800287
arbre	0.0477854	0.0573142	0.0639229	0.0566122	0.130432	0.326497	0.0841142	0.0504808	0.0130238	0.0314264	0.0128304	0.0291134	0.0100859	0.0137179	0.00720974	0.0144557	0.010173	0.012323	0.0106781	0.0120693	0.00573434
okwele	0.0749207	0.0506303	0.0617101	0.0577582	0.07281	0.128505	0.0820325	0.058233	0.0323746	0.0638726	0.0398308	0.0700249	0.0241887	0.0280794	0.018279	0.0284814	0.0226504	0.0281994	0.0222508	0.0151586	0.0200093
est	0.0630085	0.0240281	0.0361699	0.041447	0.0451626	0.0392326	0.028018	0.0147587	0.00921781	0.0144862	0.0129291	0.0199031	0.0265416	0.0230763	0.027195	0.0977637	0.0953079	0.115476	0.0884541	0.114692	0.0631319
dur	0.0294795	0.0194534	0.0219162	0.0199298	0.0220128	0.0380629	0.0200661	0.0148253	0.0132789	0.00970792	0.0103034	0.0125695	0.0242874	0.0274243	0.0325733	0.109771	0.110333	0.110374	0.102564	0.107713	0.143354
</S>	0.0440842	0.0182457	0.0153004	0.01209	0.0260285	0.041696	0.0167506	0.00932556	0.00511811	0.00714423	0.00623163	0.00427802	0.00606782	0.00938943	0.0191925	0.0660215	0.101835	0.139989	0.121055	0.12753	0.202626
