 	a66	a87	a23	a40	a7	a44	a56	a75	a85	a6	a21	a12	a75	a92	a12	a96	a70	a4	a13	a9	a99	a87	a23	a87	a23	a99	a3	</S>
les	0.036188	0.0565041	0.0776837	0.120677	0.0737493	0.0895551	0.0643744	0.0607989	0.0331011	0.00866208	0.0100322	0.0139526	0.0111853	0.0180894	0.0154527	0.0359266	0.029107	0.0382648	0.0358674	0.0272961	0.0399064	0.0179989	0.0134287	0.0117554	0.0111717	0.0136751	0.0106696	0.024927
guêpes	0.0023768	0.00706761	0.00602494	0.0158534	0.0568355	0.0929425	0.170244	0.197513	0.133813	0.100997	0.0685842	0.0470682	0.0200017	0.0161662	0.0156141	0.00765989	0.00512216	0.00394357	0.00261176	0.00276295	0.00358998	0.00304105	0.00262553	0.00253914	0.00286886	0.00301358	0.00619938	0.00291982
m'	0.0898331	0.0980751	0.112626	0.0676026	0.0244881	0.0186048	0.017694	0.0295724	0.0837327	0.0895911	0.0529594	0.0322985	0.0239283	0.0206988	0.0202234	0.0264466	0.0141742	0.0229063	0.0102086	0.00880232	0.0152623	0.0233774	0.0119272	0.0190295	0.013387	0.020283	0.0243636	0.00790335
ont	0.0144595	0.00873705	0.0119106	0.00683108	0.0140867	0.0250547	0.0765048	0.054602	0.10616	0.254691	0.12668	0.167594	0.0242829	0.0112954	0.0284315	0.00454704	0.00488196	0.00602918	0.00385934	0.0033367	0.00591383	0.0109356	0.00499775	0.00591478	0.00567853	0.00438451	0.00332817	0.00487245
piqué	0.0609565	0.0468436	0.0496669	0.0411955	0.013206	0.00864483	0.00970031	0.0124709	0.0343107	0.0990088	0.0735173	0.167668	0.106977	0.0571163	0.0357456	0.010615	0.00803263	0.00856848	0.00681578	0.0113159	0.010737	0.0209874	0.017675	0.0239244	0.0188442	0.0184071	0.0155395	0.0115092
à	0.0714407	0.043984	0.0294833	0.0240767	0.0110606	0.00853368	0.00910256	0.00593491	0.0259968	0.0448125	0.0668973	0.0440915	0.076722	0.0724162	0.0411973	0.0432259	0.029776	0.0356099	0.029362	0.0249433	0.0328033	0.0352584	0.0349014	0.0341147	0.0379777	0.0326605	0.0347235	0.0188935
la	0.0631108	0.0505047	0.0397204	0.01791	0.00417473	0.00253677	0.00278638	0.00288725	0.00787411	0.0111965	0.0179678	0.0114238	0.0416953	0.0556457	0.0536664	0.0633949	0.0389166	0.0384465	0.0361701	0.0284627	0.0365411	0.0307993	0.0335397	0.03956	0.0496375	0.0671799	0.0683949	0.085856
tête	0.0626543	0.0394123	0.0355467	0.0284881	0.0199827	0.0185959	0.021202	0.0165663	0.0228993	0.0216753	0.0270966	0.0309149	0.0598874	0.0691967	0.0724851	0.0337415	0.0405857	0.0429067	0.0329088	0.0267793	0.0211489	0.0294683	0.0317705	0.0312094	0.0524205	0.03878	0.0324712	0.0392058
</S>	0.0816008	0.0762523	0.0530349	0.0212835	0.0097569	0.00773583	0.00561968	0.00986822	0.0149877	0.0129435	0.0119595	0.0184795	0.0328546	0.028231	0.0232111	0.0305322	0.0222686	0.0347803	0.0382765	0.0495841	0.039877	0.0387986	0.0379755	0.0435196	0.0440941	0.0546194	0.0634965	0.0943587
