 	a23	a53	a15	a92	a12	a32	a75	a41	a32	a11	a26	a62	a75	a47	a7	a2	a30	a41	a24	a41	a94	a76	a69	a58	a76	a94	a76	a41	a62	a21	a85	a14	a94	a70	a75	a73	a57	a87	</S>
tout	0.0587328	0.0587273	0.104425	0.0506423	0.056618	0.032519	0.0523654	0.0363852	0.0302215	0.031949	0.0243562	0.0323774	0.0234848	0.0207544	0.0103161	0.0121114	0.0100631	0.00635437	0.00627729	0.00697208	0.0052624	0.00543369	0.00452897	0.00523616	0.00507272	0.00598736	0.00539317	0.00587747	0.00692476	0.00821932	0.0121293	0.0206459	0.0203427	0.0159494	0.0382882	0.0465198	0.0480877	0.0256924	0.0487559
le	0.00221468	0.00416164	0.00408102	0.0110939	0.0134324	0.032772	0.0363901	0.0332186	0.0419939	0.0528553	0.0432386	0.0750355	0.073621	0.118141	0.0761586	0.0577607	0.0578119	0.0292503	0.0266518	0.0172617	0.0108661	0.0105169	0.00437873	0.00630199	0.00610645	0.004918	0.00640597	0.00734589	0.00831446	0.0120439	0.0152485	0.0221079	0.017604	0.0197213	0.0151331	0.00801303	0.00712106	0.00657793	0.00412984
village	0.0267981	0.0175092	0.0168548	0.0281316	0.0300013	0.0528384	0.0363541	0.0494854	0.069606	0.0658612	0.0517773	0.0388525	0.0560231	0.0818	0.0428263	0.0336189	0.0316857	0.0192097	0.0168561	0.0177385	0.0122121	0.00861269	0.00664491	0.00774021	0.00855568	0.0075999	0.0042728	0.00371382	0.00201051	0.001781	0.00393178	0.00870805	0.00926224	0.00888332	0.0237016	0.0289123	0.0266796	0.0282547	0.0146949
fut	0.0255765	0.0261321	0.0187275	0.029249	0.021381	0.0278266	0.0336116	0.0307278	0.0387493	0.0612061	0.0614102	0.0605369	0.043651	0.0485154	0.0610883	0.0495162	0.0594749	0.0323785	0.0221915	0.0254915	0.0249063	0.0253669	0.0245875	0.0167962	0.00726352	0.00661006	0.00426386	0.00271613	0.00280135	0.00520308	0.0045609	0.0100219	0.0126481	0.0149882	0.0134852	0.0106084	0.00824372	0.0127499	0.0147366
avisé	0.0158223	0.0161617	0.0164626	0.0128659	0.0127911	0.0159628	0.022566	0.0287248	0.0294752	0.0292347	0.0342408	0.0354657	0.027774	0.0328918	0.0402636	0.0312334	0.0280224	0.0352461	0.0211535	0.0240235	0.0314114	0.033772	0.0701897	0.075394	0.0587787	0.0508594	0.0405712	0.015156	0.00659637	0.0037028	0.00473425	0.00795744	0.00579443	0.00780546	0.0129729	0.0153685	0.0121914	0.0152612	0.021101
de	0.0337069	0.0139903	0.00741298	0.0143545	0.0122116	0.0106661	0.0135876	0.00914226	0.0153069	0.028028	0.0182971	0.0416309	0.0346288	0.0429435	0.0496599	0.0256327	0.037471	0.0333254	0.0279706	0.0198548	0.0217411	0.024551	0.0361602	0.0220684	0.0284708	0.0311425	0.0232344	0.0259406	0.0188059	0.0185433	0.0229969	0.0330599	0.0290449	0.028338	0.0356121	0.033537	0.0265826	0.0289733	0.0213753
mon	0.0397653	0.0321788	0.012148	0.029864	0.0131407	0.0096929	0.0124347	0.00918777	0.0152528	0.0186854	0.00991594	0.0223376	0.0162372	0.0224307	0.0355105	0.0348156	0.0293289	0.0329588	0.0212911	0.0199634	0.0287709	0.017764	0.0277674	0.0183296	0.0196114	0.0256637	0.0198893	0.0122575	0.0106918	0.00823555	0.0201225	0.0208779	0.0187919	0.0256618	0.0421223	0.0544408	0.0647475	0.0551743	0.0719399
arrivée	0.0359224	0.057073	0.0444703	0.0493621	0.0158778	0.0156978	0.0189607	0.0119015	0.0174637	0.0233732	0.015522	0.0186824	0.0159712	0.0223308	0.0305192	0.0235008	0.0261853	0.0257333	0.0278314	0.0246794	0.0346902	0.0272582	0.0275991	0.0203719	0.0221082	0.0232922	0.0176971	0.0133321	0.0118035	0.0130244	0.0207387	0.0208109	0.0203062	0.0220696	0.0334851	0.0323652	0.0334907	0.0311045	0.053394
</S>	0.0251454	0.0192301	0.0129232	0.00989291	0.00358151	0.00346519	0.00367832	0.00310056	0.0058325	0.0057843	0.00518423	0.00851372	0.00990788	0.00979642	0.00979665	0.00710431	0.00850114	0.0111904	0.00922567	0.0116465	0.0136621	0.0124345	0.00955204	0.00763962	0.0101645	0.00916468	0.0130204	0.0162321	0.0209126	0.0298206	0.0378458	0.0461579	0.0399054	0.0644644	0.0802427	0.0807014	0.0821451	0.093309	0.149124
