 	a87	a23	a87	a23	a40	a36	a11	a24	a96	a66	a75	a5	a43	a75	a37	a98	a47	a36	a85	a37	a85	a5	a61	a18	a9	a38	a62	a61	a0	a24	a62	a70	a75	a47	a36	a2	a57	a87	a83	a50	a88	a71	a70	a44	a79	a6	a36	a11	a24	a71	a9	a87	a23	a99	a87	a23	a87	</S>
les	0.0440572	0.0538733	0.0470387	0.0303081	0.0243048	0.0271411	0.0374149	0.0344194	0.0358361	0.0396004	0.04734	0.0324165	0.0420754	0.0316999	0.0293459	0.025204	0.021816	0.0130299	0.0119578	0.00967232	0.00675887	0.00780087	0.0100309	0.00797055	0.0132499	0.0126591	0.0165667	0.0231793	0.0148617	0.0224326	0.0163365	0.0140992	0.0171441	0.0149473	0.0128049	0.0289519	0.0134062	0.0110823	0.00541234	0.00544115	0.00706927	0.0046077	0.0041569	0.00323671	0.00280946	0.00299704	0.0038496	0.00426018	0.00357357	0.00300691	0.00281537	0.00287136	0.00299854	0.00469752	0.00377141	0.00547829	0.00374099	0.0203713
ressortissants	0.00489917	0.00713131	0.00740618	0.00993537	0.0142908	0.0351551	0.0593343	0.0455735	0.0758275	0.0702007	0.0512758	0.0495387	0.0334975	0.025384	0.0103411	0.0183871	0.0157311	0.0181754	0.0207549	0.0321187	0.0219714	0.01921	0.0208264	0.0184914	0.0202811	0.0381098	0.0427743	0.0410316	0.0317252	0.033832	0.0218973	0.0176889	0.0159734	0.0148861	0.00510982	0.00408094	0.00152566	0.00133337	0.000710334	0.00062255	0.000548993	0.000625363	0.00073984	0.00104746	0.00200785	0.00239767	0.00126645	0.00167936	0.00137767	0.00147934	0.00109138	0.00106011	0.00100308	0.000961506	0.00137099	0.00101778	0.00140726	0.00187818
de	0.0139786	0.00819746	0.00748008	0.00864445	0.0239185	0.0649482	0.0331704	0.0255845	0.0245359	0.0138229	0.00891799	0.0135696	0.0141231	0.0070588	0.0095837	0.0236321	0.0134749	0.0158707	0.0297776	0.0368426	0.0519271	0.0795811	0.0541857	0.0391944	0.045589	0.0510356	0.0404265	0.0476898	0.0323864	0.0213443	0.0224155	0.0229234	0.0151363	0.00760552	0.0140041	0.00584651	0.00708238	0.00342089	0.0018909	0.00180913	0.00124527	0.00171877	0.00181418	0.00228085	0.00190097	0.00152317	0.00197799	0.00262429	0.00206735	0.00220773	0.00193404	0.00178568	0.00348993	0.00210222	0.00285906	0.00245077	0.00209523	0.00129601
mbesse	0.0167977	0.00999179	0.00838902	0.00501459	0.00543977	0.00582426	0.00666555	0.00853081	0.0144729	0.0205411	0.0231222	0.0220197	0.0303976	0.0205204	0.0144832	0.0159716	0.00824176	0.00908163	0.0152084	0.0125529	0.0245999	0.0301661	0.0189531	0.0361001	0.0170001	0.0183921	0.0141195	0.018985	0.0160518	0.0208734	0.0178667	0.0177893	0.0161854	0.0164372	0.0243639	0.0237913	0.0228778	0.0164697	0.0167102	0.0136444	0.0124811	0.011243	0.0119332	0.00672123	0.00965257	0.00891952	0.0214778	0.0167299	0.0196609	0.0173119	0.0182263	0.0270643	0.0233443	0.0220381	0.0260955	0.0275838	0.0321349	0.0127379
polluent	0.0212189	0.0131075	0.0092183	0.00827625	0.00746028	0.00485515	0.00364624	0.00532905	0.0059579	0.00879729	0.0103625	0.00832012	0.0162527	0.0171172	0.00797192	0.00681757	0.00900924	0.0114035	0.0111055	0.0184178	0.0264249	0.0211409	0.0271535	0.0274743	0.0267845	0.0248144	0.0360082	0.0586371	0.062954	0.0662762	0.0452756	0.0505758	0.0433193	0.0366926	0.0288799	0.0320139	0.0290605	0.0264048	0.0147103	0.0160711	0.0104656	0.00838479	0.00628592	0.00243043	0.00200342	0.00185382	0.00258617	0.00261421	0.00285198	0.00248202	0.00330325	0.0047067	0.00436646	0.00645959	0.00762044	0.00785831	0.0114235	0.00698662
les	0.0455358	0.031753	0.0292101	0.0198283	0.0190025	0.011302	0.00775896	0.0101724	0.016796	0.0161523	0.0182364	0.0117943	0.015055	0.0137143	0.00891489	0.00771464	0.00937624	0.0118529	0.00972906	0.0167241	0.0202505	0.0415005	0.0297306	0.0534973	0.0275597	0.0233454	0.0318228	0.0225436	0.0312022	0.0352656	0.0195588	0.0163581	0.0145138	0.0106418	0.00633965	0.00993399	0.0134991	0.0157515	0.0136034	0.0178079	0.0174807	0.0190856	0.0145519	0.00624846	0.00638571	0.00565135	0.00874754	0.0102395	0.00719547	0.00912445	0.00697889	0.0106953	0.0119977	0.014005	0.0171989	0.0158167	0.0196589	0.0135884
ruisseaux	0.0135297	0.00591048	0.004385	0.00381465	0.00456611	0.00169214	0.00124062	0.00172336	0.00230475	0.00189405	0.00192567	0.0028671	0.00662926	0.00789763	0.00985983	0.00600622	0.0068748	0.00911479	0.0140767	0.0155705	0.0323142	0.045995	0.0380492	0.0635511	0.0467354	0.039727	0.0467154	0.0480182	0.064261	0.0555018	0.0382418	0.0381544	0.0312367	0.0264913	0.0248193	0.0208338	0.0241469	0.0208102	0.0157102	0.0111514	0.0116161	0.00967151	0.00860356	0.0103038	0.0118133	0.00857657	0.0031711	0.00626212	0.00322255	0.00579559	0.00553563	0.00640577	0.00869325	0.0125119	0.00990504	0.00888202	0.00950015	0.00518257
avec	0.0483912	0.0211912	0.00939397	0.00715168	0.00179336	0.000912863	0.000551394	0.000642823	0.000570158	0.00112586	0.00103528	0.00191205	0.0032422	0.00261072	0.00532664	0.00827944	0.00760172	0.0152554	0.0150819	0.0325431	0.0299364	0.0561938	0.0653706	0.0491933	0.0598608	0.0472076	0.0463	0.0349803	0.0473484	0.0306866	0.0234803	0.0157997	0.0191081	0.0144	0.00973348	0.0101746	0.0226755	0.02691	0.0135937	0.0189572	0.0145112	0.0144964	0.0131448	0.00848331	0.00594889	0.0059211	0.00319481	0.00621113	0.00400094	0.00663994	0.00793989	0.00710685	0.0110915	0.0120051	0.0154454	0.0157036	0.0160078	0.00562402
la	0.0298714	0.0099365	0.00511756	0.00464344	0.0025582	0.00170886	0.000934414	0.00125069	0.0011443	0.00182577	0.0018284	0.00241914	0.00612785	0.00546112	0.00726538	0.00738801	0.00741074	0.00932989	0.0105386	0.0152852	0.0170836	0.02281	0.0280602	0.0184333	0.0349042	0.0299959	0.0242564	0.0374626	0.0508519	0.0318943	0.032072	0.0253963	0.0290932	0.0190024	0.0142428	0.0158326	0.0235669	0.0290801	0.0221343	0.0358177	0.0452205	0.0533732	0.0366442	0.017045	0.0111544	0.0124522	0.0067654	0.00824073	0.00720281	0.00991872	0.00919997	0.0129375	0.0160248	0.0171371	0.0204568	0.0156249	0.0202939	0.00627147
plante	0.0271631	0.0148373	0.00974146	0.00880562	0.00396044	0.00650191	0.00253039	0.00254627	0.00198419	0.00233681	0.0025059	0.00316055	0.00542048	0.00538682	0.00791139	0.00986867	0.00987039	0.0120158	0.0160402	0.0192013	0.0225566	0.0299308	0.0435596	0.0323761	0.045152	0.0580321	0.0361621	0.0442557	0.058866	0.0295353	0.025983	0.0162259	0.0235655	0.0152828	0.0111271	0.0108979	0.0203982	0.0234689	0.0197275	0.033921	0.0380386	0.0295291	0.0154916	0.00609851	0.00640574	0.00795454	0.00744978	0.0082152	0.00672442	0.0109939	0.00737292	0.0111763	0.0107907	0.0143001	0.0132886	0.0118326	0.0121317	0.00939245
lembáa	0.0174642	0.004946	0.00268141	0.00171034	0.000805056	0.000407325	0.000400308	0.000380255	0.000497278	0.000872669	0.00110996	0.00146567	0.00473588	0.00418774	0.00762683	0.00955031	0.00757256	0.0123866	0.0164014	0.0182768	0.0376852	0.0500408	0.0737661	0.0560496	0.0611113	0.0525871	0.0416939	0.0440765	0.0491293	0.0328784	0.0298242	0.0168532	0.0254694	0.0170002	0.0178451	0.0194751	0.0330134	0.0230899	0.0117137	0.0120956	0.00843321	0.0054654	0.0036332	0.00277378	0.0047036	0.0075068	0.00601726	0.0111338	0.00823492	0.0132101	0.00900724	0.0142062	0.0136991	0.0194755	0.0158867	0.0157919	0.0167107	0.00523399
en	0.0229797	0.0103449	0.00636414	0.00457592	0.00349691	0.00213778	0.00158899	0.000774599	0.00122642	0.00156162	0.00201275	0.00296112	0.00912804	0.00487266	0.00818201	0.00729831	0.00599301	0.00726699	0.0142837	0.0171275	0.0243315	0.0318171	0.055629	0.0353143	0.0499736	0.0587854	0.0340204	0.0534346	0.0532447	0.0254914	0.0208981	0.0147959	0.0143512	0.00878672	0.0112	0.0106169	0.0160418	0.0131596	0.00687309	0.0111156	0.0117491	0.0103339	0.00847874	0.0100447	0.0197783	0.0201595	0.0226498	0.0281577	0.0193348	0.0243775	0.0150086	0.0216256	0.019963	0.0247886	0.0217908	0.0160961	0.0159455	0.00565979
vue	0.0152404	0.0177438	0.0160139	0.0142315	0.0106943	0.00403517	0.00370148	0.00245075	0.00460579	0.00673452	0.00557857	0.0062911	0.0118575	0.00891882	0.00829677	0.0199253	0.0152202	0.0227447	0.0262885	0.0236673	0.0490033	0.0402745	0.0592913	0.0502007	0.0378218	0.0386989	0.029675	0.0276905	0.0283324	0.0165835	0.0134154	0.0101722	0.0144115	0.0118701	0.0111227	0.0155838	0.0158417	0.0107382	0.00849394	0.00800164	0.00975177	0.00757566	0.00525555	0.00669785	0.0113849	0.0135732	0.0100077	0.0204632	0.0158962	0.0186709	0.014624	0.0184578	0.017665	0.0275848	0.0162883	0.0169297	0.0145557	0.0131546
de	0.0303882	0.024441	0.019052	0.0175832	0.0143646	0.00613567	0.00574958	0.00542291	0.00908324	0.00970203	0.00850328	0.0131663	0.015938	0.00973185	0.0128809	0.0140283	0.00959125	0.0130381	0.0164059	0.022906	0.0189359	0.0324282	0.0433136	0.0327655	0.0341168	0.0436416	0.0334488	0.0391115	0.0425485	0.021067	0.0206147	0.0146494	0.0147954	0.0111557	0.010246	0.00969716	0.00943267	0.00690347	0.00380429	0.00397746	0.00368764	0.00366474	0.00426074	0.00514051	0.0176806	0.0280318	0.0226212	0.0305974	0.0265514	0.0199842	0.0151733	0.0163302	0.0153529	0.0150658	0.0162548	0.00814505	0.0125477	0.0141441
tuer	0.0332726	0.0211507	0.0122977	0.00924684	0.00414608	0.0022545	0.00161665	0.00144067	0.0027766	0.00594326	0.00463706	0.00809826	0.019874	0.013689	0.0158064	0.0154946	0.0156254	0.0186647	0.0202233	0.0201087	0.0318329	0.0268052	0.0349798	0.0221221	0.0314277	0.0354936	0.0294732	0.0429562	0.0363688	0.0326633	0.0312507	0.0292296	0.0322126	0.0288224	0.0321236	0.0344404	0.0429703	0.0287643	0.0163134	0.0158897	0.0125749	0.00816896	0.00807377	0.00858511	0.00776163	0.00690964	0.00282842	0.00549701	0.00344862	0.00656106	0.0044435	0.0056217	0.00782693	0.00759487	0.00896872	0.00851334	0.0122477	0.0118675
du	0.0455819	0.0350319	0.0244206	0.0176872	0.0105195	0.00467531	0.00289832	0.00268123	0.00389045	0.00516742	0.00579083	0.00918159	0.0135802	0.00730634	0.0144933	0.0128631	0.00977242	0.0136312	0.0160102	0.0201053	0.0232321	0.0336495	0.0328344	0.0404897	0.0334971	0.0433076	0.0337694	0.0342349	0.0302569	0.0193268	0.0151124	0.0129366	0.0135107	0.0131922	0.0236108	0.0190117	0.0362736	0.0196758	0.0116935	0.0113063	0.00825662	0.00426942	0.00380756	0.00475939	0.0068787	0.0078374	0.00439165	0.0119305	0.00610939	0.0101816	0.0109274	0.00895553	0.011326	0.0149883	0.0142382	0.0216114	0.018682	0.0546386
poisson	0.0276741	0.0160621	0.00976386	0.00730477	0.00523529	0.00567752	0.00515525	0.00436277	0.00562069	0.00582513	0.00769307	0.00939802	0.0165606	0.0174309	0.0213174	0.0257864	0.021949	0.0299198	0.0265236	0.0258374	0.0287107	0.0278566	0.0292659	0.0310442	0.0275025	0.0339495	0.0293074	0.0280232	0.0250979	0.025248	0.0256736	0.0166448	0.023568	0.0210578	0.0223472	0.0267925	0.023553	0.0191986	0.0127441	0.0107442	0.00704512	0.00433513	0.00418217	0.00455705	0.00586199	0.00793683	0.00415554	0.00934929	0.00647586	0.00748618	0.0105013	0.00857028	0.00955486	0.0159145	0.0119881	0.0182369	0.0163677	0.0640541
</S>	0.0463072	0.0359513	0.0254921	0.0203852	0.00983556	0.00753399	0.00412671	0.00354574	0.00437129	0.00704658	0.00753488	0.00849529	0.00939524	0.00804981	0.0122085	0.0168687	0.010777	0.015976	0.0130875	0.0134485	0.0139679	0.0199088	0.0168533	0.0242444	0.0169693	0.0238421	0.0177182	0.0156605	0.0138439	0.0134127	0.0126421	0.00853738	0.0113074	0.0100888	0.0125708	0.0124934	0.0163842	0.0108209	0.0104295	0.00838899	0.0119472	0.00737606	0.00703012	0.00719723	0.0110031	0.0138588	0.00961484	0.0243386	0.0171387	0.0166996	0.0202162	0.0153134	0.017751	0.0273432	0.0238325	0.0401259	0.0335424	0.125149
