 	a79	a47	a41	a18	a24	a88	a24	a0	a24	a50	a96	a94	a56	a90	a56	a11	a75	a79	a56	a70	a93	a70	a66	a54	a36	a57	a87	a23	a87	a23	a87	a23	</S>
papa	0.0366761	0.119106	0.195923	0.158858	0.123077	0.105331	0.0545164	0.0217439	0.0195662	0.0108339	0.0123462	0.00692933	0.00372239	0.00311514	0.00197357	0.00177503	0.00170297	0.00177191	0.00206474	0.00189485	0.00147707	0.00612453	0.00631876	0.0115041	0.0147749	0.0120836	0.0107409	0.00670674	0.00788397	0.00610285	0.00853864	0.0108025	0.0140142
a	0.0204688	0.0142185	0.0218837	0.034333	0.0342553	0.0296624	0.0584353	0.0556627	0.0420728	0.0281866	0.0265933	0.0259492	0.0156811	0.0314477	0.0146784	0.0136215	0.0305818	0.0323621	0.0345499	0.0288711	0.0239585	0.0260675	0.0307495	0.0457131	0.0410789	0.0328974	0.0310513	0.0377598	0.0291156	0.0302261	0.0299644	0.0244121	0.0234906
surpris	0.0181437	0.0237952	0.0299176	0.0478129	0.0495855	0.0450314	0.0363252	0.0371513	0.0240747	0.013864	0.0126685	0.0159248	0.0133955	0.0123944	0.0115536	0.0107065	0.0214798	0.0156902	0.0230611	0.0216115	0.0109258	0.0118498	0.0081112	0.0131619	0.014825	0.028085	0.049073	0.0547481	0.0643441	0.0822007	0.0702406	0.0653979	0.0428495
un	0.0370309	0.0153165	0.0167392	0.0141973	0.0224791	0.0226122	0.0253349	0.0269311	0.0269722	0.0280786	0.0143578	0.0472974	0.0270772	0.049456	0.0469469	0.0598904	0.0848692	0.022644	0.0175669	0.0110137	0.023067	0.0158748	0.0170761	0.0219123	0.0283462	0.0432153	0.0368955	0.0322473	0.0318351	0.0255003	0.0274344	0.0322512	0.0475332
voleur	0.0552234	0.034726	0.0322375	0.0236271	0.0316613	0.0223922	0.0201431	0.0256431	0.0154132	0.0265082	0.0176144	0.016426	0.0455944	0.0224829	0.052486	0.0447372	0.0339796	0.0170529	0.0133566	0.0156842	0.0203149	0.0236576	0.0243727	0.0294273	0.037634	0.0337508	0.0356942	0.0305966	0.0433852	0.039692	0.0411137	0.0482774	0.0250942
dans	0.100126	0.0712783	0.0734632	0.0455247	0.0543748	0.042451	0.0358073	0.0295612	0.0152242	0.0210077	0.012638	0.00843152	0.00773961	0.00696492	0.00498914	0.00564759	0.00321354	0.00351636	0.00375528	0.00476442	0.00616309	0.00712771	0.00657187	0.0123299	0.0182526	0.034102	0.0437202	0.034718	0.0610964	0.05125	0.0571677	0.0474385	0.069583
le	0.122838	0.0739077	0.0325824	0.0393247	0.0331503	0.0329303	0.0176918	0.0102915	0.0110513	0.00955682	0.00682706	0.00794893	0.00582436	0.00803609	0.00835645	0.00771947	0.00317097	0.006396	0.00478798	0.0129073	0.0161295	0.0448367	0.0363533	0.0283468	0.0336126	0.047107	0.0546378	0.0440179	0.06383	0.0474427	0.048962	0.0505292	0.0288949
champ	0.0656656	0.0462901	0.036776	0.0258805	0.0217978	0.021912	0.0153821	0.00823247	0.0067067	0.00658422	0.00814915	0.00653181	0.00509558	0.0064664	0.00794978	0.00726325	0.0055139	0.00929886	0.00821467	0.0250177	0.0349815	0.0498916	0.0767014	0.0555902	0.0649635	0.0460814	0.0556748	0.0466318	0.0507535	0.0482413	0.0460446	0.0463473	0.0333686
</S>	0.0621396	0.0636075	0.0440059	0.0378654	0.0192915	0.0179275	0.0118538	0.00417977	0.00468134	0.00200409	0.00320925	0.00261772	0.00124054	0.00151304	0.00205842	0.00204988	0.00061292	0.000574372	0.000847849	0.000865691	0.00265909	0.00782857	0.00643495	0.0230239	0.0420564	0.0453965	0.0885809	0.0620412	0.12319	0.0907391	0.084346	0.108053	0.0325047
