 	a57	a87	a10	a99	a97	a53	a15	a69	a4	a90	a25	a75	a85	a26	a75	a5	a21	a96	a44	a93	a70	a66	a54	a2	a57	a99	a87	a10	a97	a38	a9	</S>
il	0.0397576	0.0559297	0.0552065	0.0433927	0.0503543	0.0704806	0.0688394	0.0439356	0.0271792	0.025686	0.0162302	0.0143473	0.0180368	0.0129955	0.0100135	0.00556518	0.00415513	0.00379635	0.00523195	0.00848977	0.0228817	0.0184608	0.0252485	0.0226247	0.0369706	0.0327307	0.0415773	0.0392052	0.0363525	0.0372999	0.039691	0.0673337
est	0.0116424	0.00963431	0.011769	0.0117752	0.0310013	0.0180692	0.0155536	0.0352045	0.0274444	0.0272808	0.0167326	0.0137514	0.0120618	0.0292008	0.0345684	0.0419594	0.0242676	0.0169959	0.0222933	0.0322832	0.0400112	0.0521093	0.0463958	0.0548787	0.0462432	0.0485197	0.0584065	0.0578067	0.0527846	0.0500603	0.0293308	0.0199642
en	0.0160245	0.00872108	0.00601678	0.00536935	0.0039394	0.00440292	0.00457204	0.0064113	0.0113277	0.0189512	0.0139052	0.016697	0.0109079	0.00849539	0.00797612	0.00944333	0.00812599	0.0105923	0.00950109	0.0100172	0.0213174	0.0310085	0.0569374	0.0465832	0.0741893	0.0720754	0.100862	0.0950269	0.0976938	0.0703114	0.0862085	0.0563887
train	0.0235562	0.0153426	0.0125736	0.0143922	0.00684826	0.00879024	0.008139	0.00802695	0.00691063	0.0158395	0.0334907	0.033077	0.0345202	0.0355411	0.0646745	0.0618654	0.0576312	0.0479155	0.0511435	0.0429316	0.0362006	0.0361251	0.0486091	0.0528231	0.0435232	0.04572	0.0369917	0.0349381	0.0351591	0.0207384	0.0108987	0.0150631
de	0.127695	0.101622	0.0452627	0.0505096	0.0225878	0.00542118	0.00665526	0.0255058	0.041973	0.0509323	0.0415048	0.0253067	0.00993289	0.0100868	0.00917525	0.00574854	0.00253762	0.00756804	0.00720335	0.00445604	0.00792362	0.0137873	0.0160223	0.0141737	0.021702	0.0292133	0.0351944	0.0625462	0.0421388	0.0387781	0.062504	0.0543319
jouer	0.164598	0.0642879	0.0457549	0.0479854	0.0331154	0.0134776	0.0258342	0.0321249	0.0286553	0.0401927	0.0526686	0.0415273	0.0323826	0.054112	0.0516893	0.0300484	0.00838472	0.0148078	0.0132323	0.0128694	0.0226269	0.0224591	0.0254688	0.0137139	0.0121744	0.00707113	0.00725599	0.00838202	0.0103715	0.0188668	0.0212766	0.0225838
au	0.0535445	0.02329	0.0157592	0.0151658	0.0142606	0.00453131	0.00792506	0.0120665	0.0184307	0.0319205	0.0241456	0.0212862	0.020126	0.0521035	0.0567577	0.0478557	0.0348781	0.047839	0.0435176	0.0257694	0.0300789	0.034536	0.0462627	0.0242279	0.0384574	0.0312152	0.0305676	0.0363851	0.0309701	0.0388226	0.0410454	0.0462581
tam-tam	0.103623	0.067759	0.037027	0.024414	0.016056	0.00386362	0.00370943	0.0060094	0.00899361	0.0157294	0.015854	0.0104359	0.00822044	0.0147099	0.0206958	0.0223415	0.0279162	0.032349	0.0256552	0.0309791	0.0394024	0.0511239	0.0332694	0.0455634	0.0458134	0.0428203	0.0433564	0.0397158	0.0321504	0.0347832	0.0512843	0.0443758
</S>	0.0549453	0.0602175	0.0223662	0.0183886	0.00666238	0.00317444	0.00437385	0.0107137	0.0134816	0.0149678	0.0161644	0.00999505	0.00536712	0.0046392	0.00356007	0.00429633	0.00599819	0.00814995	0.00932804	0.0104098	0.0187674	0.0295371	0.0368885	0.0332423	0.047305	0.0526701	0.0845521	0.108949	0.0927823	0.0776911	0.0826917	0.0477238
