 	a66	a87	a23	a83	a50	a70	a90	a92	a85	a5	a36	a56	a96	a62	a88	a31	a88	a38	a31	a0	a24	a9	a87	a23	a99	a87	a97	</S>
le	0.13759	0.115157	0.0994938	0.0722242	0.0597538	0.0404731	0.0317806	0.0229905	0.017227	0.0125801	0.00663778	0.00700849	0.0085538	0.0101874	0.0100554	0.0109924	0.0101507	0.0189973	0.0285315	0.0150984	0.0284088	0.0405528	0.0465139	0.0355055	0.0227871	0.0274472	0.0221542	0.0411466
trou	0.00918477	0.0235025	0.0515822	0.0601349	0.146848	0.0622641	0.11049	0.0880602	0.0731847	0.0365749	0.0403145	0.0366717	0.0621643	0.0488957	0.0359443	0.0274463	0.0243605	0.00349978	0.00577916	0.00269101	0.00240162	0.00788267	0.0133915	0.00997909	0.00410036	0.00445698	0.00593759	0.0022565
de	0.0641809	0.0812336	0.102009	0.0882124	0.088123	0.0997218	0.0992408	0.0834334	0.060564	0.0224793	0.0178582	0.0139156	0.0073403	0.00714672	0.00666425	0.00321638	0.00350976	0.00403321	0.0078791	0.00765955	0.00653559	0.0297571	0.0152758	0.0165723	0.0146027	0.0189812	0.0258479	0.00400611
l'	0.032599	0.0169445	0.00995547	0.00956036	0.0081003	0.019302	0.0307336	0.0685545	0.0665297	0.0459926	0.0352573	0.0379407	0.0469067	0.0535022	0.0421851	0.0430296	0.0545018	0.0304692	0.0204652	0.0308619	0.0186799	0.059548	0.0395396	0.0417522	0.0381266	0.0369735	0.0315091	0.0304791
aiguille	0.0397039	0.0286445	0.0170719	0.0189872	0.016461	0.030147	0.0307004	0.0418755	0.0827088	0.0915292	0.0795544	0.0609051	0.0607258	0.0879326	0.0916177	0.0453192	0.029925	0.0169983	0.0144239	0.0116455	0.00882182	0.00767089	0.00878504	0.0166455	0.00821015	0.0178984	0.0199575	0.0151335
est	0.0524732	0.0352344	0.0158762	0.0215913	0.0239834	0.0241791	0.0322756	0.0290529	0.0412274	0.0399645	0.0230188	0.0171083	0.00825902	0.00702083	0.0157969	0.0142826	0.0277544	0.0336879	0.0463529	0.0365438	0.0255874	0.0445676	0.0517793	0.102339	0.0370793	0.0585194	0.0583674	0.0760768
très	0.0756769	0.0354761	0.0279948	0.0270283	0.03016	0.0448477	0.0640356	0.0635887	0.0492022	0.04708	0.0393273	0.0304798	0.0171722	0.0251768	0.0464036	0.016911	0.0162485	0.0135901	0.0201133	0.0205645	0.0248316	0.0254471	0.0210619	0.0412058	0.0236792	0.0440756	0.0494918	0.0591294
petit	0.0530061	0.0188188	0.0108202	0.00767058	0.00530331	0.00923924	0.0105274	0.00952504	0.0146866	0.0144127	0.0122601	0.0115806	0.0118904	0.021934	0.0295864	0.0143579	0.0154785	0.0305334	0.0736414	0.0599156	0.140157	0.0768413	0.0784842	0.0534993	0.0409786	0.0405263	0.0497632	0.0845617
</S>	0.050021	0.0189896	0.0131047	0.00961432	0.00655993	0.00800539	0.0128019	0.0157607	0.0217446	0.0246488	0.0145098	0.0164403	0.0177622	0.0244532	0.02617	0.0170996	0.0217122	0.0288912	0.0416514	0.0382078	0.0728652	0.0586318	0.106004	0.0803171	0.0466075	0.0605227	0.0664792	0.0804239
