 	a23	a87	a23	a40	a30	a35	a41	a32	a25	a10	a11	a26	a98	a75	a30	a44	a38	a75	a41	a14	a35	a32	a54	a76	a90	a82	a38	a76	a94	a66	a24	a41	a35	a98	a76	a90	a38	a98	a41	a35	a66	a38	a21	a41	a25	a87	a23	a87	</S>
il	0.0279287	0.0251052	0.0422731	0.0498044	0.0733683	0.0430103	0.0355756	0.0226598	0.0213698	0.0172909	0.0239622	0.0175679	0.013511	0.0171633	0.0139916	0.0187144	0.012004	0.0191006	0.0105313	0.00960228	0.0129497	0.00858438	0.00835561	0.00714983	0.00924229	0.00795043	0.00769287	0.00779739	0.00701985	0.0106957	0.010974	0.00675116	0.0063273	0.0111139	0.0154576	0.012697	0.0099215	0.00925849	0.0132557	0.0170884	0.0328614	0.0200856	0.0458175	0.0343941	0.0419378	0.032677	0.0246931	0.0253578	0.0273575
faut	0.00545537	0.00429454	0.00647195	0.00807803	0.00838427	0.0190958	0.0214255	0.0397139	0.0281414	0.0201665	0.0239313	0.0317934	0.0203681	0.0289454	0.0213215	0.0207043	0.0142389	0.0314913	0.0504843	0.0349868	0.046581	0.0354677	0.0382441	0.0189992	0.0204671	0.0212046	0.0110317	0.00829786	0.0110191	0.0163159	0.0128695	0.013288	0.0121716	0.0137868	0.0137853	0.0145318	0.0151761	0.00951874	0.0138878	0.0165327	0.0178035	0.0134456	0.0159972	0.0291245	0.0293058	0.028621	0.0261149	0.0192504	0.0176675
amarrer	0.0171707	0.00593024	0.00596547	0.00480761	0.0031431	0.00357464	0.00318619	0.00227794	0.00212995	0.00463447	0.00560077	0.00801348	0.0079725	0.00826915	0.00748541	0.00809628	0.0101853	0.0128352	0.00632691	0.00497873	0.00567914	0.00692076	0.00532365	0.00403522	0.00357672	0.00352879	0.00273098	0.00200291	0.00328819	0.00269342	0.00300402	0.00226551	0.00231031	0.00325605	0.00235541	0.00515456	0.00647591	0.00533473	0.0163606	0.027662	0.0460872	0.086994	0.113501	0.100549	0.0995094	0.0768663	0.0595606	0.0798451	0.0905443
les	0.0798836	0.0426974	0.0214333	0.0101764	0.00686825	0.00575143	0.00830117	0.00948526	0.0101204	0.0203157	0.0154313	0.0163055	0.025515	0.0180617	0.0276132	0.0253555	0.0317338	0.0319764	0.0215053	0.0197645	0.0192953	0.0225113	0.0175667	0.0179052	0.0160454	0.013326	0.0141856	0.00961401	0.0145064	0.0103713	0.0130564	0.0235785	0.0260879	0.0246222	0.0189282	0.0231237	0.0249168	0.0130007	0.0134288	0.0123942	0.0203172	0.00666487	0.0177773	0.0227733	0.0216051	0.0253901	0.029766	0.0202695	0.0386766
bagages	0.0133562	0.00900745	0.00479425	0.0035427	0.00375565	0.00472434	0.00524478	0.0103403	0.0132098	0.0148529	0.00939141	0.0239843	0.0427073	0.0725983	0.0844797	0.1059	0.048127	0.0401062	0.0513734	0.0382691	0.0270751	0.0259389	0.0140305	0.0102976	0.0132986	0.0108176	0.0134137	0.0127601	0.021182	0.0104625	0.0108658	0.0148784	0.0196915	0.0143539	0.0123541	0.014142	0.0111865	0.00889621	0.0128806	0.01289	0.0115466	0.00943906	0.0158519	0.0119924	0.0132826	0.0160065	0.0131657	0.00956919	0.00796544
dans	0.0439426	0.0281043	0.0199834	0.024232	0.0260845	0.0185549	0.0155929	0.0169855	0.0154757	0.0115443	0.00950514	0.0191047	0.0142542	0.0223869	0.0291919	0.0255401	0.0163819	0.0214395	0.0120152	0.0101044	0.0123613	0.0158529	0.0150693	0.0144254	0.0215598	0.0236327	0.0206382	0.0231381	0.0377385	0.0211805	0.0274119	0.0126431	0.0149348	0.00584588	0.0119074	0.00719659	0.00624229	0.00458969	0.00839677	0.0120517	0.018226	0.0125283	0.0272924	0.0451622	0.0359395	0.0383411	0.0332015	0.0359166	0.0361514
la	0.0421036	0.0146651	0.00783065	0.0059963	0.00612678	0.00356039	0.0052285	0.0100449	0.00876553	0.00956479	0.0064176	0.0187063	0.0100625	0.0212008	0.0174056	0.0151561	0.00850949	0.0133213	0.0168815	0.0128568	0.0138884	0.0108657	0.00864756	0.0103529	0.0163977	0.0163879	0.0220881	0.0260232	0.0248679	0.0259537	0.0377208	0.0266112	0.0266064	0.0156043	0.0297561	0.0190096	0.0221493	0.0112315	0.0295274	0.0277913	0.0384392	0.0105783	0.0540246	0.0477876	0.0390741	0.0360107	0.0357506	0.0368924	0.0255573
voiture	0.0280473	0.0165016	0.00893956	0.00630036	0.00526756	0.0032932	0.00438782	0.0108736	0.00860389	0.00684502	0.00488525	0.0152699	0.0148399	0.0332311	0.0229808	0.0178692	0.00974443	0.0106626	0.0136064	0.0102654	0.00965467	0.00739439	0.00773043	0.00721375	0.0124386	0.0133251	0.0265103	0.0255024	0.0418726	0.0198172	0.0418523	0.0388705	0.0282378	0.0214165	0.0350536	0.0230097	0.0263246	0.0175718	0.0223072	0.0211718	0.0350614	0.0140759	0.0480678	0.0245732	0.0253629	0.0357311	0.0416718	0.0551544	0.0206115
</S>	0.0532351	0.0209497	0.0216356	0.00779921	0.00944227	0.00477895	0.00538736	0.0080387	0.00489997	0.00512905	0.00571396	0.00845916	0.0114693	0.010512	0.0136204	0.00936869	0.0121452	0.0162561	0.011936	0.0118133	0.0150556	0.0174191	0.0188829	0.020167	0.0239669	0.0258751	0.0268816	0.025079	0.0303483	0.0187236	0.023854	0.0133032	0.00768045	0.0057838	0.00495104	0.00979838	0.00735682	0.00720559	0.00991199	0.0102747	0.0232454	0.00995763	0.057291	0.0579456	0.0311789	0.0463013	0.0635686	0.0471096	0.0882927
