 	a26	a18	a71	a9	a10	a87	a23	a50	a62	a47	a61	a47	a61	a47	a96	a93	a56	a75	a56	a21	a92	a56	a43	a47	a96	a88	a71	a9	a10	a87	a23	a87	a85	</S>
l'	0.121354	0.106623	0.0567938	0.0300832	0.0320573	0.0169105	0.0138197	0.0111207	0.0196151	0.0260788	0.020554	0.0231578	0.0243955	0.0349353	0.0318222	0.0264992	0.0211948	0.0151956	0.0172317	0.0334475	0.0268255	0.0264658	0.0188555	0.019619	0.020141	0.0179557	0.0207852	0.0210876	0.0149731	0.0152888	0.0171485	0.0299558	0.0244866	0.043522
arbre	0.00553767	0.00660977	0.00724354	0.0145225	0.0292894	0.0353773	0.080358	0.0589967	0.0810451	0.0803007	0.0738377	0.058835	0.0861166	0.0652334	0.01283	0.0315694	0.0175558	0.0403124	0.0312961	0.0157421	0.0128695	0.0278876	0.0143633	0.012703	0.0131421	0.00780715	0.0125155	0.0141341	0.00895085	0.00655581	0.00749107	0.00996319	0.00968555	0.00932219
parasite	0.0197277	0.010976	0.0140012	0.0175833	0.0365632	0.0397599	0.0762066	0.0824878	0.0784139	0.0660365	0.0626759	0.0653564	0.0670163	0.0430618	0.0168197	0.0257918	0.0197904	0.0216941	0.0250889	0.0174045	0.0151871	0.0132779	0.00601931	0.00505784	0.00511865	0.00830402	0.0200514	0.0219776	0.0121462	0.0227758	0.0165776	0.0214505	0.0146635	0.0109364
ibhébhe	0.0315647	0.0118356	0.0114975	0.0186777	0.0229663	0.0206856	0.0272716	0.0254242	0.0375022	0.042301	0.0391386	0.0421275	0.057126	0.0501067	0.0625775	0.109143	0.0797971	0.0711564	0.0590105	0.0246435	0.0177735	0.0132494	0.00579756	0.00527835	0.00642377	0.00666357	0.012944	0.00980918	0.0113278	0.0124642	0.0148441	0.0119754	0.0144466	0.0124489
a	0.0511377	0.0263717	0.0227629	0.0209215	0.0163958	0.0181757	0.0204362	0.0165549	0.0129312	0.0147392	0.0128923	0.0112782	0.010975	0.0138607	0.0393667	0.0357528	0.052541	0.0481509	0.0380167	0.034459	0.0185623	0.0167176	0.0137303	0.0316904	0.0358627	0.0341832	0.0431589	0.0309149	0.0230371	0.0237316	0.0234076	0.0357054	0.043803	0.107775
détruit	0.0431343	0.0244284	0.0290631	0.0367326	0.0228447	0.0216152	0.0280816	0.0206895	0.0175869	0.0204664	0.0265848	0.0261866	0.0283079	0.0315258	0.0805577	0.0507539	0.083842	0.0559484	0.0471664	0.0380086	0.0230285	0.0179669	0.00909818	0.0132445	0.0124373	0.0197578	0.015909	0.0262299	0.0150264	0.0159455	0.0167296	0.025166	0.0216082	0.0343277
cet	0.0797951	0.0454019	0.0423682	0.03121	0.0214471	0.0187095	0.0221538	0.0202723	0.0187774	0.0185725	0.0294112	0.0292917	0.0259495	0.0238564	0.0251414	0.0122248	0.0134029	0.00957118	0.0114229	0.00977979	0.012396	0.0167717	0.0125353	0.0188261	0.0136271	0.0247131	0.0383416	0.0458883	0.0408525	0.0536006	0.0490167	0.0586228	0.0333934	0.0726554
oranger	0.0213482	0.0117989	0.0095758	0.0200188	0.0242473	0.0224701	0.0281133	0.0224624	0.0251948	0.0368658	0.037454	0.0403086	0.0443719	0.0454533	0.0550904	0.0531241	0.0665785	0.0476942	0.0646463	0.0512296	0.0464396	0.0377775	0.0156563	0.0149245	0.0115481	0.0156303	0.0294686	0.0235203	0.0170806	0.0169173	0.0141712	0.0126023	0.00731262	0.0089047
</S>	0.0432675	0.0340228	0.0307311	0.0223225	0.0163934	0.014551	0.0167622	0.0180702	0.0190192	0.0248906	0.0307169	0.0306415	0.0310426	0.0436475	0.0460144	0.0387513	0.0311184	0.0290851	0.0268703	0.0180667	0.0201171	0.0189948	0.0121703	0.0116766	0.0154224	0.0216671	0.0295906	0.0309856	0.0350661	0.0413505	0.0402243	0.0480338	0.0515978	0.0571179
