 	a66	a87	a23	a30	a70	a11	a75	a37	a98	a79	a85	a47	a79	a69	a40	a47	a36	a2	a57	a87	a23	a97	</S>
cette	0.082571	0.103048	0.117825	0.0440957	0.0687241	0.0611631	0.0559501	0.0574431	0.0756205	0.0213875	0.0172262	0.0128511	0.00892757	0.00574008	0.00501684	0.00881356	0.0113368	0.00837913	0.0111907	0.0229884	0.0471545	0.0448315	0.107716
termitière	0.00543564	0.00712395	0.00836378	0.0119208	0.0150448	0.0673585	0.0859114	0.182227	0.127206	0.19402	0.160901	0.086628	0.00314893	0.00954069	0.00207538	0.000783667	0.0027618	0.00157722	0.00357002	0.00500953	0.00975311	0.00735747	0.00228106
n'	0.0381185	0.0581543	0.0626777	0.0613352	0.0475499	0.0508857	0.0220336	0.0178596	0.0174534	0.0197092	0.0174356	0.0327309	0.022994	0.033718	0.0190266	0.0236165	0.0269961	0.0198645	0.060819	0.0772499	0.0751984	0.118432	0.0761416
a	0.0350303	0.0217591	0.0251005	0.0216032	0.0291451	0.0247566	0.0380369	0.0389043	0.0477759	0.0407256	0.034777	0.0523674	0.0498905	0.0387904	0.0575905	0.0390998	0.0418622	0.026361	0.0591272	0.065615	0.0548022	0.0697298	0.0871495
pas	0.0324424	0.0313057	0.0352811	0.0385632	0.0631347	0.0321316	0.0415856	0.0430963	0.0414467	0.05454	0.0538272	0.0612395	0.0697234	0.0515751	0.0892323	0.0766131	0.049298	0.0303913	0.0236303	0.0344273	0.0198821	0.0103888	0.0162446
de	0.0628087	0.0272444	0.0309739	0.0333283	0.0499438	0.0342142	0.0510302	0.0445603	0.0479578	0.0420986	0.0350809	0.0376794	0.0444986	0.0427368	0.0583925	0.0548966	0.0549546	0.0449952	0.0378213	0.0581499	0.0274783	0.0322675	0.0468881
joints	0.0398287	0.0311841	0.0282276	0.0243097	0.031341	0.0313944	0.0317132	0.0218189	0.0222324	0.0192189	0.025328	0.0302096	0.0460979	0.054571	0.0693998	0.0640602	0.0620262	0.0461658	0.0644005	0.0572156	0.0521031	0.077493	0.0696604
récents	0.0393528	0.0205277	0.0191175	0.0135573	0.011935	0.015715	0.0131553	0.0121076	0.0204035	0.0218927	0.0250494	0.0181722	0.0278648	0.0425279	0.06269	0.0588024	0.0651931	0.0715603	0.0713924	0.0789296	0.0601979	0.128465	0.101391
</S>	0.0418016	0.0196697	0.0146984	0.00727736	0.0161361	0.0150529	0.0123462	0.0108383	0.0234385	0.0257017	0.030686	0.017798	0.0271283	0.0249179	0.0382962	0.038221	0.0574159	0.0401304	0.063944	0.0904966	0.0985266	0.134105	0.151373
