 	a66	a87	a23	a87	a23	a40	a7	a84	a44	a13	a4	a13	a54	a47	a92	a6	a37	a34	a70	a53	a15	a7	a36	a47	a36	a2	a44	a58	a82	a87	a23	a87	</S>
les	0.0266822	0.0392041	0.0578198	0.043072	0.062448	0.111679	0.0714096	0.1096	0.0963219	0.0668909	0.0528164	0.0252057	0.0224358	0.0119498	0.0117578	0.0114225	0.00903482	0.00727283	0.00719783	0.00899299	0.00422091	0.00770833	0.00410242	0.00520508	0.00668177	0.0116976	0.0192487	0.0155405	0.0128825	0.0122616	0.01142	0.0128233	0.0229925
légumes	0.00894932	0.00831468	0.012396	0.00921395	0.015962	0.0334609	0.039337	0.0482536	0.0643179	0.0590325	0.0973938	0.0788983	0.0811982	0.0795224	0.108112	0.0398751	0.0331388	0.0369542	0.0193838	0.0432363	0.0185461	0.0120607	0.00868478	0.00217353	0.00287296	0.00170957	0.00317686	0.0024408	0.00726771	0.00849447	0.00328219	0.00831007	0.00402886
qu'	0.0498254	0.0428733	0.0270312	0.0312893	0.0505001	0.0945909	0.0471529	0.0475432	0.0384158	0.0281727	0.0321004	0.047699	0.0797458	0.0785137	0.0481873	0.0309189	0.0264758	0.0112909	0.0168537	0.00835115	0.0127272	0.0185478	0.0289809	0.00399749	0.00422452	0.00350459	0.00432895	0.00828232	0.0145372	0.0134829	0.0075541	0.035766	0.00653442
elle	0.0422624	0.0420931	0.0336325	0.030886	0.0283763	0.0297811	0.0174938	0.0169258	0.0108911	0.0157849	0.0145858	0.0190702	0.0241122	0.0393945	0.0529428	0.0462148	0.035977	0.0236751	0.0317636	0.0280887	0.0217289	0.0319557	0.0297114	0.0255568	0.0255693	0.0165302	0.0300156	0.062282	0.033228	0.0322185	0.0272968	0.0333145	0.0466407
a	0.0255228	0.0129618	0.0106856	0.0165204	0.00807908	0.00545821	0.00454125	0.00703881	0.00765847	0.0144777	0.0113906	0.0164393	0.0454682	0.0280004	0.0582727	0.0733468	0.0569796	0.0325979	0.0435672	0.0464226	0.0420057	0.0502642	0.0476713	0.0374682	0.045821	0.0171766	0.0374988	0.0429162	0.0306906	0.0318353	0.0180798	0.0367758	0.0363671
préparés	0.013648	0.00669876	0.0126001	0.0147377	0.00881321	0.00560788	0.00557305	0.00611839	0.00622313	0.00754106	0.00873544	0.0167085	0.0220216	0.0536979	0.0620233	0.0480941	0.0424291	0.0298268	0.0363751	0.0259291	0.0225175	0.0207431	0.0468935	0.0366233	0.0359218	0.0303003	0.0442341	0.0421776	0.0394258	0.0985372	0.0554449	0.0543966	0.0393819
sont	0.0152027	0.00682904	0.0098007	0.0116155	0.0136617	0.0141676	0.0110214	0.0121874	0.00889102	0.0082294	0.0156079	0.0179391	0.0219385	0.0241978	0.0377065	0.0281231	0.0296258	0.0235131	0.022574	0.0229878	0.0193808	0.0271914	0.0376664	0.0347268	0.0327317	0.0641768	0.0418006	0.0597496	0.0536362	0.098677	0.0610984	0.065261	0.0480832
mous	0.024274	0.00993314	0.0107594	0.0075924	0.0108002	0.0102715	0.0059295	0.00782355	0.00580054	0.00737839	0.0104118	0.0109459	0.0122049	0.0187431	0.0186899	0.0191516	0.0196336	0.0278437	0.039797	0.0393722	0.0220846	0.0411236	0.0543564	0.0778161	0.0791305	0.07096	0.0691798	0.04469	0.0386671	0.0525695	0.0363609	0.0379351	0.0577698
</S>	0.0653841	0.0341833	0.0277282	0.0148412	0.0157652	0.0114493	0.00754405	0.0109467	0.00851889	0.00918387	0.0124679	0.0131216	0.0123034	0.0140751	0.0181153	0.0263404	0.0275925	0.0307945	0.0328048	0.0398263	0.0231298	0.0332115	0.0341525	0.0318442	0.0476296	0.0304963	0.0357052	0.0324291	0.0483651	0.0523999	0.050776	0.0749352	0.0719387
