 	a23	a85	a87	a23	a40	a20	a73	a58	a76	a94	a71	a24	a88	a71	a58	a76	a94	a24	a18	a98	a32	a75	a73	a94	a20	a44	a84	a57	a87	a23	a87	</S>
ils	0.0686456	0.114841	0.0858276	0.10778	0.0647769	0.0632652	0.0566653	0.103117	0.0495022	0.0304786	0.0208541	0.0112705	0.0108521	0.0108608	0.0123551	0.0166568	0.00945092	0.00692221	0.0057145	0.0042484	0.00992718	0.00856024	0.00882622	0.00555241	0.0104278	0.0212492	0.014674	0.0105576	0.00856977	0.0129737	0.0116472	0.0229497
se	0.00185805	0.00171372	0.00221994	0.00439649	0.00832582	0.0193579	0.0340146	0.0350168	0.0390118	0.0852985	0.0622945	0.0945015	0.0674586	0.047004	0.046702	0.0736843	0.041444	0.0421626	0.0275914	0.0130805	0.00941617	0.00819592	0.00451559	0.00978065	0.0147512	0.0150168	0.0244396	0.0318112	0.0361522	0.0317451	0.0512188	0.0158195
sont	0.00787533	0.00567749	0.00763257	0.0132104	0.013581	0.0319018	0.0394391	0.0329282	0.0328566	0.0299134	0.0309972	0.0397094	0.0395522	0.0425138	0.0487112	0.067808	0.0344699	0.0409209	0.0226678	0.0282791	0.0151587	0.0174369	0.0137791	0.0267164	0.0533318	0.0502752	0.0449598	0.0359381	0.0503761	0.0277598	0.0287546	0.0248681
associés	0.0047148	0.00449687	0.00578157	0.00547039	0.00383655	0.0065212	0.0154662	0.0145888	0.017157	0.0269297	0.0373506	0.0865712	0.052023	0.0315467	0.0517179	0.0726681	0.0633352	0.107963	0.101716	0.0970711	0.0533178	0.0408994	0.0231476	0.020447	0.0148632	0.00952996	0.00796304	0.00923518	0.00496107	0.00289565	0.00189189	0.00392183
pour	0.0573727	0.0427185	0.0366245	0.026151	0.0114196	0.0123222	0.00509664	0.00521429	0.00562959	0.00461548	0.00304096	0.00267373	0.00352729	0.00447252	0.0107005	0.00571719	0.00863505	0.0081898	0.0108475	0.016855	0.0189021	0.0219209	0.0176623	0.0264909	0.0333114	0.0363283	0.0440542	0.0572661	0.0889558	0.0797931	0.0989807	0.19451
faire	0.0579227	0.0367225	0.0208566	0.015443	0.00867974	0.00866667	0.00424931	0.0034712	0.00697811	0.00463575	0.00639313	0.00241642	0.00464678	0.00624539	0.010383	0.00882621	0.00896094	0.0147751	0.0156669	0.012474	0.0244944	0.0355272	0.036964	0.058454	0.0580291	0.0619725	0.0693236	0.0748091	0.0813597	0.07029	0.0787794	0.0915835
le	0.0636797	0.03646	0.0325831	0.0235797	0.0172158	0.0121492	0.0123275	0.0128404	0.0240526	0.0253837	0.030521	0.0202632	0.0153687	0.011871	0.0249311	0.0300767	0.0220347	0.0315089	0.0289668	0.0214455	0.0308295	0.0463606	0.0445799	0.0415156	0.0258665	0.0347254	0.0250942	0.0287778	0.0399931	0.0327529	0.0655727	0.0866728
travail	0.0521102	0.0251523	0.0212811	0.0227761	0.00785079	0.00599944	0.00364523	0.00417869	0.00730245	0.00577381	0.00548084	0.00319055	0.00386508	0.00527587	0.00605842	0.0129829	0.00778782	0.0192801	0.0155615	0.0207787	0.0422824	0.0806813	0.0760041	0.0869768	0.0886616	0.0902489	0.0692601	0.079893	0.044369	0.0418921	0.0289925	0.0144063
</S>	0.0318578	0.0276032	0.014962	0.0149224	0.00758632	0.00688979	0.0021517	0.00174281	0.00470464	0.00301577	0.0044695	0.00151724	0.00434339	0.00470892	0.00962933	0.0100308	0.0110975	0.0217622	0.0169991	0.0148912	0.0313973	0.0670625	0.0511935	0.0611698	0.0602395	0.0753459	0.0465566	0.0525799	0.0513736	0.0584123	0.081894	0.147889
