 	a66	a87	a23	a79	a54	a47	a6	a36	a21	a12	a98	a79	a92	a85	a6	a36	a85	a47	a36	a2	a57	a87	a23	a40	a36	a11	a21	a47	a62	a18	a75	a47	a98	a85	a6	a36	a11	a96	a26	a3	a99	a87	a23	a97	</S>
quand	0.0551252	0.0498448	0.0393188	0.0442281	0.0381838	0.036853	0.0909226	0.0399932	0.105924	0.0845015	0.0676361	0.0275849	0.0155463	0.0124554	0.0159239	0.0130187	0.0110839	0.0102757	0.00792558	0.00793537	0.00758544	0.00784152	0.00925257	0.00520842	0.00809234	0.00671362	0.00399216	0.00558103	0.00437699	0.00270048	0.00339428	0.00680398	0.00588532	0.00629717	0.00541353	0.00936392	0.0128893	0.0112785	0.0104989	0.0115898	0.0102291	0.0125868	0.0156429	0.0198936	0.0226075
le	0.00677056	0.00916833	0.018203	0.0173912	0.0285585	0.0465865	0.0662937	0.0813121	0.0758425	0.0507733	0.0475926	0.0166227	0.0275665	0.0120971	0.0141402	0.0181989	0.0142701	0.0151671	0.0211343	0.013565	0.0128918	0.0130121	0.0116025	0.0119752	0.00879305	0.00885945	0.00556473	0.00696497	0.0118069	0.00975217	0.0122788	0.0154388	0.0129106	0.0172422	0.0406206	0.0231715	0.025419	0.0294401	0.0212426	0.0258677	0.0126689	0.0182631	0.011462	0.0178363	0.0136606
chanteur	0.00641854	0.00663257	0.00691006	0.00653297	0.0220603	0.0277207	0.0623976	0.0434326	0.0345023	0.0422972	0.0448304	0.0177608	0.0221957	0.0233845	0.0326202	0.0387107	0.0398427	0.0328965	0.0397248	0.0433646	0.0344404	0.0423377	0.0363468	0.0447804	0.0299167	0.0252479	0.0132755	0.0143919	0.0099604	0.00656269	0.00624675	0.00676087	0.00344618	0.0038643	0.0043264	0.00620211	0.00872518	0.00409559	0.0039817	0.00690335	0.00661047	0.0150504	0.0168756	0.0362898	0.0191253
chante	0.0534562	0.0348254	0.0141442	0.00846687	0.00711781	0.0123812	0.0132574	0.00835787	0.0102172	0.0151596	0.0132238	0.00522103	0.0166099	0.0143314	0.0269963	0.0155805	0.0193152	0.0155098	0.0175166	0.0182745	0.0181244	0.0275462	0.0145976	0.0154235	0.00658993	0.00628507	0.00313081	0.00368172	0.00541761	0.00667007	0.00934029	0.0168519	0.00726855	0.0063424	0.0100715	0.0104129	0.0167947	0.0276297	0.0550889	0.081462	0.0509829	0.0924209	0.0851585	0.0497608	0.0329843
les	0.0174491	0.00987184	0.00714366	0.0047235	0.00440289	0.00390692	0.00362578	0.00566786	0.00683073	0.00599884	0.00819362	0.00905731	0.0237866	0.0268393	0.0203957	0.0369547	0.0241058	0.022506	0.0229908	0.0257008	0.0309041	0.0219251	0.0199997	0.018946	0.00618305	0.0070575	0.00452378	0.00507807	0.0154093	0.0180952	0.021833	0.0175661	0.0267145	0.0259068	0.0298669	0.0259993	0.0294692	0.0318167	0.046626	0.0525069	0.0487405	0.0803862	0.0462224	0.0520774	0.0259947
danseurs	0.0217977	0.0201759	0.0183746	0.0137624	0.0101907	0.00898898	0.00449996	0.00759617	0.0121587	0.0185481	0.0277805	0.0400304	0.0399227	0.055539	0.0522491	0.0461344	0.0640789	0.0678925	0.05224	0.0346477	0.0283918	0.0250437	0.0186009	0.0134905	0.00382247	0.00879527	0.00732072	0.0120731	0.0190588	0.014336	0.0124035	0.01225	0.00784531	0.0111645	0.00908875	0.011423	0.00976729	0.0135156	0.0151698	0.0254684	0.0288396	0.0197249	0.0182932	0.0148174	0.0226872
doivent	0.0341016	0.0359645	0.0483216	0.0320365	0.0213619	0.0234295	0.0167906	0.0115301	0.0162909	0.0257333	0.0225833	0.0324987	0.0385715	0.0352942	0.0478599	0.0339589	0.033813	0.0353634	0.0329171	0.024933	0.0245376	0.0240202	0.014034	0.0127615	0.00383069	0.0056046	0.00355075	0.00331459	0.00876182	0.00746791	0.00801503	0.0075004	0.00420016	0.00792248	0.00534872	0.010696	0.0157994	0.0210802	0.0169059	0.0288406	0.0162723	0.0271507	0.0246929	0.0415373	0.0528009
fredonner	0.0530129	0.0415073	0.0424689	0.0225189	0.0207606	0.0155742	0.00634213	0.0122267	0.0115319	0.0209421	0.0286319	0.0307674	0.0488685	0.0444222	0.0543904	0.0391517	0.0428409	0.0475432	0.0347576	0.0403391	0.0303135	0.0218386	0.0118966	0.00869079	0.00302666	0.00282489	0.00193202	0.00224566	0.00444474	0.00409829	0.00331922	0.00345176	0.00407078	0.00770357	0.00573594	0.0143021	0.0179577	0.0213992	0.0194798	0.0250449	0.0180149	0.0199156	0.0198332	0.0323142	0.0375466
</S>	0.0415391	0.0381158	0.0253685	0.0139038	0.00983547	0.00503846	0.00181745	0.0047775	0.0036668	0.00535566	0.00893455	0.0110565	0.0358771	0.0453027	0.0343761	0.0372918	0.034203	0.0327711	0.0225835	0.0357577	0.0299421	0.0232815	0.0156031	0.0100825	0.00484041	0.00497398	0.00318867	0.00451721	0.00456035	0.00386065	0.00391024	0.00423083	0.0036028	0.00752777	0.00522593	0.00714486	0.0139529	0.0167971	0.0197763	0.0291853	0.0246793	0.0487216	0.0658358	0.0821894	0.114797
