 	a66	a10	a97	a38	a88	a0	a31	a21	a12	a18	a24	a62	a96	a93	a94	a11	a75	a56	a61	a21	a6	a36	a37	a11	a13	a9	a82	a97	a87	a97	a10	a9	</S>
nous	0.0465328	0.0482909	0.0249477	0.0207811	0.0167203	0.0190842	0.024054	0.0208899	0.0220126	0.0243702	0.01178	0.009069	0.011802	0.00820398	0.0135055	0.0115516	0.00832148	0.0084699	0.00896874	0.014427	0.0230173	0.0280606	0.065014	0.0772213	0.0596668	0.0725787	0.0600617	0.0402152	0.039437	0.047281	0.0320098	0.0334994	0.0481541
avons	0.020398	0.0143637	0.0346923	0.0292375	0.0258016	0.0453997	0.0615909	0.0341616	0.0264864	0.0397705	0.0425148	0.0409982	0.0621652	0.052002	0.0532495	0.0301048	0.0247881	0.0348123	0.0337192	0.0232421	0.0192479	0.0193285	0.0162399	0.0136015	0.0218946	0.0151538	0.0148918	0.016981	0.0186346	0.0169382	0.0227624	0.0427393	0.0320882
attrapé	0.00689946	0.00554203	0.00838608	0.00784298	0.0083688	0.00943732	0.0270704	0.0187855	0.0195965	0.0353396	0.0592675	0.0832358	0.0765042	0.0522924	0.0436471	0.0518591	0.0421766	0.052415	0.0617406	0.039693	0.0206999	0.0258187	0.0240523	0.0299447	0.0347906	0.0211894	0.0221808	0.0203219	0.0225856	0.0268122	0.0172597	0.0179578	0.00628624
un	0.0247347	0.0177985	0.0164207	0.0162146	0.0178686	0.0190293	0.0155636	0.0243366	0.0251806	0.0234825	0.0359586	0.0590896	0.0660483	0.064868	0.0731597	0.0652153	0.0802057	0.0837481	0.0534253	0.0308481	0.0248256	0.02504	0.0310827	0.0204385	0.0157068	0.0141509	0.0127581	0.00697114	0.00917304	0.00800835	0.00772115	0.00377711	0.00715028
voleur	0.0297287	0.0209308	0.0230995	0.0162229	0.0139712	0.0136642	0.0110312	0.00981022	0.00953093	0.00720033	0.00941219	0.012317	0.0114019	0.0174413	0.0186475	0.0208281	0.0164941	0.0165533	0.0172759	0.03718	0.091646	0.0814492	0.101288	0.0854459	0.044995	0.0712609	0.0447282	0.0460454	0.0274315	0.0219198	0.0242188	0.0154371	0.0113923
dans	0.0474632	0.0498149	0.0589116	0.0434662	0.0414156	0.0467667	0.0281189	0.0363277	0.0354046	0.0265141	0.0197213	0.019889	0.018261	0.0176415	0.00999733	0.00878414	0.00578865	0.00625419	0.00725209	0.0138271	0.0282253	0.025692	0.041289	0.0507896	0.026583	0.0389485	0.0366913	0.0348892	0.0359044	0.0323893	0.0363788	0.0370522	0.0335477
le	0.0517286	0.049565	0.0548616	0.0431971	0.0308914	0.0364181	0.0268095	0.0156007	0.00872345	0.00859801	0.00323711	0.00225949	0.00361285	0.00352137	0.00331245	0.00510989	0.00430803	0.00831413	0.0127768	0.0134288	0.0225183	0.030527	0.0449533	0.0547993	0.0499384	0.049606	0.044054	0.0387885	0.0507831	0.0515689	0.0566303	0.0696096	0.0499489
poulailler	0.0276459	0.0217922	0.0264804	0.0214384	0.0177506	0.0205058	0.0182439	0.0134766	0.0163083	0.0134766	0.0122769	0.0135694	0.0141846	0.0132153	0.0146144	0.0169604	0.0163794	0.018283	0.0220851	0.022926	0.0246197	0.0278949	0.0486431	0.0629272	0.0582438	0.0607852	0.0433676	0.0430957	0.0550894	0.0534383	0.0483879	0.0648127	0.0470813
</S>	0.0462288	0.0222433	0.0379998	0.032982	0.0254423	0.0249241	0.0170572	0.0120237	0.0115088	0.00839886	0.00292167	0.00292511	0.00687272	0.00539784	0.00589205	0.00542112	0.00515368	0.00709275	0.0151698	0.011634	0.0167181	0.0154227	0.0262976	0.0416666	0.0290621	0.038618	0.0347597	0.0430611	0.0856081	0.0659039	0.0765013	0.132153	0.0869387
