 	a66	a87	a97	a87	a97	a83	a75	a5	a47	a62	a47	a75	a6	a98	a92	a6	a43	a25	a69	a90	a56	a96	a62	a88	a71	a9	a3	a38	a97	</S>
je	0.0450629	0.0392376	0.0295855	0.0144931	0.027178	0.0122316	0.0134262	0.0215267	0.0222455	0.0223918	0.0276978	0.0388794	0.0459832	0.0607719	0.0454422	0.0576624	0.0485231	0.0426572	0.0345362	0.0267823	0.02721	0.024013	0.0215056	0.0254836	0.03058	0.0304564	0.0261616	0.0461694	0.0421169	0.0499888
fais	0.0373317	0.0384975	0.0381479	0.0339755	0.0438382	0.043689	0.0479658	0.0478955	0.0384184	0.0326635	0.0309961	0.0392336	0.041486	0.051455	0.0356065	0.0189265	0.0185292	0.0114207	0.0110153	0.011712	0.0102009	0.0189144	0.0206375	0.0327865	0.0419328	0.0422509	0.0372547	0.0364462	0.0457529	0.0410193
monter	0.0494727	0.0334793	0.023783	0.0245827	0.0264114	0.0264931	0.0222143	0.0136864	0.010036	0.00910811	0.0100434	0.00695527	0.00722472	0.00473641	0.00461571	0.00342895	0.00565663	0.0027238	0.00354774	0.00805241	0.0144716	0.0298648	0.0343211	0.0480006	0.0775008	0.0818536	0.115407	0.0921886	0.117396	0.0927436
l'	0.0574036	0.0182629	0.0176293	0.0200317	0.0132799	0.00806673	0.00861305	0.00656658	0.00420738	0.00801068	0.0250729	0.0383142	0.0433242	0.0437625	0.0363375	0.0350355	0.0506183	0.0481423	0.0622266	0.110585	0.0479926	0.0483846	0.037514	0.0283427	0.0503454	0.0355819	0.0317589	0.0338606	0.0168847	0.0138441
enfant	0.0200847	0.0218583	0.0245768	0.0471062	0.0396151	0.0275216	0.0327798	0.0425449	0.0312183	0.0401813	0.052692	0.065916	0.161197	0.0805142	0.0532143	0.0486625	0.034997	0.0348816	0.0263202	0.00807198	0.00508588	0.0076762	0.0080982	0.00590312	0.0141594	0.0166505	0.0160659	0.0140842	0.00857723	0.00974558
dans	0.0898354	0.0940494	0.0730426	0.0658642	0.0588504	0.0428096	0.0439258	0.0599791	0.0537545	0.0571839	0.0154439	0.0107282	0.0118689	0.0116358	0.00883985	0.0120306	0.0118315	0.00542162	0.00567019	0.00417453	0.0063371	0.00969604	0.0200699	0.0194523	0.0230363	0.0308202	0.0391855	0.0259347	0.0377227	0.0508053
le	0.0752016	0.0508806	0.0354646	0.0247061	0.0150803	0.00979694	0.00666823	0.0111326	0.0156621	0.022143	0.0126394	0.0162548	0.0194896	0.0204897	0.0166877	0.0238578	0.0161045	0.0114006	0.0109177	0.0135663	0.0162381	0.0143585	0.0254771	0.0268663	0.0476042	0.0514559	0.100179	0.0791749	0.118426	0.0920763
camion	0.0689435	0.049898	0.0376451	0.0299259	0.0208028	0.0141554	0.00945604	0.014327	0.0154472	0.0166425	0.00837143	0.0123907	0.0206253	0.020125	0.0186871	0.0322677	0.0297722	0.0204389	0.0258835	0.0325138	0.0189268	0.0133067	0.0191868	0.0207356	0.0406228	0.0400185	0.0605897	0.0661677	0.093815	0.128311
</S>	0.100393	0.0582063	0.0300084	0.0216052	0.0170488	0.0102316	0.00736771	0.0105246	0.0119354	0.00990047	0.00408647	0.00228964	0.00222199	0.00250569	0.0037076	0.00568679	0.00814369	0.00387795	0.00703277	0.0100159	0.0137543	0.0197713	0.0454495	0.0532376	0.0682334	0.0680914	0.0603416	0.0777735	0.0937979	0.172759
