 	a10	a87	a23	a87	a23	a83	a50	a62	a47	a0	a75	a5	a61	a31	a96	a90	a56	a61	a0	a75	a85	a36	a98	a85	a75	a85	a27	a11	a13	a82	a87	a23	a87	a23	a87	</S>
jésus	0.0463935	0.0565428	0.0563424	0.0493287	0.038923	0.0411659	0.0286506	0.0535023	0.0340151	0.0327692	0.0154658	0.0124829	0.0199901	0.0189014	0.021024	0.021965	0.0168008	0.0160858	0.00882926	0.0087893	0.00836104	0.0105487	0.0083413	0.010582	0.00932116	0.0128421	0.0189973	0.0643501	0.029706	0.0239877	0.036335	0.0216366	0.0265186	0.0383536	0.0355491	0.046602
était	0.0152657	0.0125681	0.0146136	0.0152111	0.0189955	0.027999	0.0286899	0.0768236	0.0500004	0.0321391	0.0248339	0.0169189	0.0142798	0.0133187	0.0267583	0.0303797	0.0248224	0.0324366	0.038332	0.0324348	0.0396661	0.0593891	0.152471	0.0503366	0.0215325	0.00691473	0.0178299	0.0115038	0.00788166	0.0127154	0.0129997	0.0140773	0.013324	0.0117155	0.016484	0.00433784
venu	0.0103973	0.00957056	0.00935109	0.0093271	0.0130308	0.0159585	0.0284239	0.0240467	0.0359614	0.0273921	0.0302571	0.0247851	0.0159947	0.016475	0.0159631	0.0183992	0.0164654	0.0253891	0.0175897	0.0127988	0.0192285	0.0179333	0.0251971	0.0221558	0.021098	0.0278219	0.0246124	0.0290644	0.0376053	0.0384473	0.0458833	0.0664318	0.0580205	0.0728325	0.0773155	0.038776
pour	0.0499493	0.0270302	0.0271388	0.0209423	0.0208125	0.0121875	0.0162347	0.0101526	0.0183498	0.0240797	0.0288413	0.0404833	0.0302072	0.0431828	0.0290015	0.0360892	0.0599514	0.0379866	0.0388345	0.0339036	0.0365034	0.0276991	0.0150559	0.0157944	0.0233432	0.0223051	0.0189236	0.0247636	0.030351	0.0231113	0.0212685	0.0188332	0.0146244	0.023949	0.0282493	0.0498661
sauver	0.139479	0.0677085	0.047358	0.0246869	0.0270261	0.00835648	0.0111369	0.00715017	0.0145431	0.0193387	0.0238108	0.0413702	0.0189257	0.0246679	0.0170071	0.0121481	0.0217783	0.0160049	0.0155285	0.0161711	0.0195512	0.0187391	0.0101641	0.0131399	0.0160684	0.0204338	0.0176745	0.0195312	0.0419637	0.0233826	0.0328915	0.0229084	0.0256262	0.035468	0.0412793	0.0669818
tout	0.122123	0.0555038	0.0350033	0.0210374	0.021275	0.015473	0.0148361	0.00770665	0.0122321	0.0102068	0.0110014	0.014103	0.00435173	0.00408862	0.0044312	0.00221406	0.006169	0.00648176	0.00550918	0.00667166	0.0113081	0.0180805	0.0130313	0.0167924	0.0224392	0.0420656	0.0431423	0.0302868	0.0652139	0.0477338	0.0377919	0.0582293	0.0507426	0.0466377	0.0594451	0.0566404
le	0.0399188	0.0282929	0.0231994	0.0156929	0.0132141	0.0138333	0.0127765	0.0119731	0.0123169	0.0113502	0.0107884	0.0143711	0.00715673	0.00941311	0.00927004	0.00702023	0.010623	0.0114687	0.00615217	0.00778401	0.00743023	0.0141665	0.0176831	0.0273093	0.0348684	0.0609939	0.051697	0.0498953	0.0605007	0.0664748	0.0542634	0.0619767	0.0580671	0.0613836	0.0526447	0.0440297
monde	0.0199804	0.0202419	0.019349	0.0117639	0.0122957	0.0130525	0.013282	0.0133362	0.0196725	0.0168446	0.0186091	0.0258668	0.0102759	0.0132572	0.0101349	0.00921969	0.0218339	0.0286345	0.0167975	0.0197714	0.0181166	0.0421778	0.0176712	0.0242016	0.0241632	0.0635535	0.0374065	0.0671944	0.0602427	0.0765336	0.0575067	0.0379062	0.0365514	0.0370635	0.0323744	0.0331173
</S>	0.0308369	0.0289123	0.024937	0.0212146	0.015045	0.0171562	0.0125021	0.012381	0.0228961	0.0296753	0.0181371	0.0513079	0.0180133	0.0202376	0.0145407	0.0141597	0.0135804	0.011295	0.00674913	0.00649851	0.00905587	0.0097593	0.0100794	0.0139056	0.0219407	0.0297335	0.0281785	0.039341	0.034995	0.0787333	0.0578587	0.0483942	0.0678396	0.0565273	0.0530795	0.0505026
