 	a82	a87	a23	a30	a4	a50	a62	a12	a4	a54	a56	a44	a70	a93	a4	a53	a15	a44	a93	a75	a6	a56	a70	a13	a11	a54	a7	a2	a84	a82	a57	a10	a87	a23	a87	</S>
dans	0.0251564	0.0227962	0.0444381	0.0370394	0.0430126	0.0548394	0.0489374	0.0331849	0.0534451	0.0487925	0.0325771	0.0187241	0.0190596	0.0189523	0.0121437	0.0152209	0.0255056	0.0392946	0.0259147	0.0325992	0.0212699	0.0219089	0.0132089	0.0100794	0.0187991	0.0209657	0.0253783	0.0264002	0.0256696	0.024819	0.026498	0.0206191	0.0141566	0.024631	0.016165	0.0377977
ce	0.0327456	0.0375416	0.0293327	0.0384196	0.0393673	0.0406085	0.0484334	0.0241215	0.0234082	0.0213271	0.0130769	0.0121423	0.0230338	0.0169008	0.0283128	0.0128501	0.0145925	0.0153304	0.0152439	0.013827	0.0143268	0.0151037	0.0143903	0.0172669	0.0196159	0.0290444	0.0361506	0.048779	0.045165	0.0332866	0.023708	0.0392262	0.0404442	0.0409722	0.0444708	0.0374334
village	0.032026	0.0150682	0.0154937	0.0201903	0.0453633	0.0245526	0.0201466	0.0280752	0.0271045	0.0575954	0.0626443	0.0920465	0.113056	0.0583486	0.0797737	0.039427	0.0188222	0.00781201	0.0207092	0.0148396	0.00603265	0.0108778	0.0107236	0.0129291	0.0114754	0.0171619	0.0233959	0.0186562	0.0214832	0.0094401	0.0168938	0.00627414	0.00696891	0.0068032	0.0107943	0.0169946
on	0.0582267	0.0336427	0.027127	0.0256931	0.0209502	0.0245598	0.034987	0.0289259	0.0408214	0.0567214	0.0250783	0.0493465	0.0588047	0.0272646	0.0529742	0.0214889	0.0135775	0.01939	0.0169889	0.014126	0.0159766	0.0207127	0.0185501	0.0299356	0.0288679	0.0224765	0.0195448	0.0101019	0.0109754	0.0154669	0.0225117	0.0202917	0.0205989	0.0164881	0.0287423	0.048064
parle	0.0449478	0.0248711	0.0259972	0.0325276	0.0355219	0.0243058	0.0265137	0.0318511	0.0465976	0.0580214	0.0444413	0.0669309	0.063123	0.0354032	0.037982	0.0261489	0.0158873	0.0162968	0.0288439	0.0177913	0.00907056	0.0115507	0.0102671	0.0124345	0.0119916	0.0130922	0.0161992	0.0218224	0.0275695	0.0230405	0.01637	0.0183436	0.0219322	0.0182668	0.0336002	0.0304451
mal	0.0309571	0.01951	0.0211614	0.0163252	0.0213063	0.0177373	0.0166058	0.0190736	0.0158008	0.0135008	0.00907874	0.0134116	0.0147236	0.00853896	0.0135318	0.012294	0.0114263	0.0150762	0.0264958	0.0227256	0.0235475	0.0341497	0.0415827	0.05611	0.0592061	0.0773667	0.0749999	0.0602941	0.0607854	0.0375493	0.0273965	0.0247975	0.0204654	0.0232167	0.0174016	0.0218501
de	0.020431	0.021724	0.0211283	0.0214109	0.0221699	0.022818	0.0222736	0.0178948	0.0194444	0.0232048	0.0143344	0.0129771	0.0199304	0.0124395	0.0184302	0.0137649	0.0156865	0.0171602	0.0243985	0.0182108	0.0218545	0.0243454	0.0294476	0.0341182	0.0460042	0.0465505	0.043621	0.0427613	0.0482413	0.0459787	0.0368023	0.0421667	0.0412077	0.041035	0.0345329	0.0415004
ngala	0.0286969	0.0312453	0.029621	0.0375167	0.0401058	0.0401152	0.0452875	0.032461	0.0498933	0.0548782	0.0448286	0.0208802	0.0208948	0.0112199	0.00888931	0.00954188	0.00723609	0.00977716	0.00819037	0.00686758	0.00813115	0.00885865	0.00978879	0.00968077	0.0116415	0.0141931	0.0177784	0.0247751	0.0329979	0.0489955	0.0348576	0.0588521	0.0570861	0.0389849	0.0427041	0.0425274
parce	0.0241378	0.0260391	0.0184448	0.0188769	0.0183893	0.017446	0.0212391	0.0167148	0.0230874	0.0269581	0.018021	0.015312	0.0152111	0.0115071	0.00792833	0.0103007	0.0121465	0.0156348	0.0122609	0.0119846	0.0151144	0.0138965	0.0124007	0.00899377	0.0151775	0.0260437	0.0296915	0.0298019	0.0425411	0.0666953	0.0390429	0.0660197	0.0789211	0.0456702	0.0618628	0.106486
qu'	0.0474075	0.0470345	0.0503457	0.0380035	0.0316966	0.0191874	0.0229869	0.00961783	0.0266984	0.0347591	0.0157039	0.0126491	0.0179107	0.00884799	0.0107596	0.0119819	0.0136146	0.0160448	0.0136324	0.0117792	0.0180264	0.0129262	0.0105016	0.0124257	0.01473	0.0365173	0.0321916	0.028088	0.030433	0.0371845	0.0331133	0.0407295	0.0518425	0.0370723	0.0582788	0.0852774
elle	0.03807	0.0289411	0.0295073	0.0269852	0.025876	0.0212058	0.0251174	0.00685442	0.0228567	0.0234636	0.0103654	0.00781842	0.01455	0.0106047	0.00863548	0.00850981	0.0222678	0.0318298	0.0225077	0.0314525	0.0376774	0.0224634	0.0175879	0.0138634	0.0227756	0.0404087	0.0416399	0.0294981	0.0330821	0.0388867	0.046055	0.0378004	0.0432604	0.0373944	0.0443914	0.075796
a	0.0328525	0.0218145	0.0162041	0.0201148	0.0217209	0.0139767	0.01393	0.00610279	0.0154231	0.0191988	0.0233409	0.0167459	0.0213668	0.0125558	0.010588	0.0140364	0.0156612	0.0196832	0.0157004	0.0201663	0.0276188	0.0309645	0.0350776	0.0370329	0.0493311	0.0715516	0.0800919	0.0418585	0.0361236	0.0304994	0.0239154	0.0295008	0.0369134	0.0365904	0.0444324	0.0373148
fait	0.0308965	0.0163701	0.0155313	0.018437	0.0170396	0.0106836	0.00896767	0.00453781	0.00819431	0.00912831	0.0117603	0.00915188	0.0105978	0.00686579	0.00649043	0.00935906	0.0135983	0.0246039	0.0175349	0.0216774	0.0305023	0.0248158	0.0235032	0.0358696	0.0426577	0.0838161	0.0946195	0.0636719	0.0574682	0.0486394	0.0434545	0.0343644	0.0321522	0.0359917	0.0399154	0.037132
une	0.029873	0.0223129	0.0273154	0.0255064	0.024592	0.0223887	0.0202052	0.0115891	0.0226561	0.0191592	0.0198902	0.0124453	0.0140061	0.015116	0.0076922	0.0145834	0.0296723	0.0526549	0.0347739	0.0358248	0.0392474	0.0271246	0.0302304	0.042008	0.0333819	0.0363567	0.0473181	0.0375373	0.0327246	0.0369042	0.0292047	0.0267283	0.0276244	0.0257098	0.0241055	0.0415373
bonne	0.0290802	0.026235	0.0393412	0.0371948	0.0365503	0.0333321	0.0301346	0.0189366	0.0347036	0.0276791	0.0251909	0.0118579	0.0119791	0.0152264	0.0090703	0.0179704	0.03871	0.0619324	0.0473699	0.0644463	0.0506664	0.0377363	0.0263701	0.0236992	0.0176261	0.0139598	0.0148853	0.0147183	0.0160995	0.0210432	0.0196892	0.0208829	0.0208726	0.0235802	0.0201863	0.0410435
récolte	0.0213338	0.0210489	0.0446889	0.0396096	0.0360903	0.0341737	0.0288785	0.0221502	0.0278025	0.0179758	0.0135229	0.00632201	0.00636262	0.0124129	0.0124922	0.0254505	0.0544582	0.0696412	0.0623229	0.085345	0.0720388	0.0485912	0.0327866	0.0282956	0.021206	0.0175588	0.0131678	0.0109298	0.0100623	0.00991047	0.0106335	0.0104613	0.0117924	0.015298	0.0120507	0.0331342
d'	0.0219137	0.0177472	0.0230896	0.0222327	0.0215285	0.0146307	0.0172834	0.00873116	0.0152431	0.0140544	0.0134106	0.00677278	0.00528712	0.00533371	0.00341055	0.0050881	0.00492657	0.00685541	0.0041884	0.00470261	0.00459977	0.0064395	0.0082311	0.00842184	0.0185309	0.0374523	0.0603099	0.0790401	0.0786149	0.0876564	0.0582601	0.0784409	0.067017	0.0719588	0.0533321	0.0452639
ignames	0.0270319	0.027219	0.0476706	0.0353706	0.0253668	0.0169337	0.0166376	0.00899455	0.0163053	0.0178108	0.0132551	0.00688923	0.00758506	0.00750567	0.0058535	0.00825603	0.0120101	0.019651	0.0111469	0.0112235	0.0188549	0.0131522	0.0180341	0.0142447	0.033858	0.0429721	0.047656	0.0437646	0.0518986	0.0577786	0.0470504	0.0547004	0.0535935	0.051798	0.0456244	0.0623025
</S>	0.0216406	0.0172208	0.0373012	0.0309802	0.0193418	0.0160391	0.0161604	0.00958535	0.0162021	0.0171728	0.0126678	0.00836887	0.00883917	0.00884977	0.00638129	0.00902594	0.0115119	0.0176089	0.00837637	0.00926084	0.0184595	0.0147362	0.0141941	0.010827	0.0266419	0.0371504	0.0443794	0.0380872	0.0537327	0.0674744	0.0510482	0.0689434	0.0635785	0.0647712	0.05243	0.0710109
