 	a15	a66	a10	a87	a23	a54	a98	a85	a92	a37	a98	a15	a98	a85	a5	a12	a96	a88	a75	a98	a92	a56	a94	a62	a96	a88	a71	a9	a10	a87	a23	a87	a23	a99	a87	a97	</S>
ce	0.0180244	0.018722	0.0245039	0.0212205	0.0282488	0.0325851	0.0511109	0.0846695	0.169439	0.117631	0.0658557	0.0219945	0.00898767	0.00776697	0.00884399	0.00902212	0.0102208	0.0132233	0.0148449	0.0103763	0.0101069	0.0107583	0.0141744	0.0153184	0.017067	0.0172441	0.0118359	0.0193195	0.0156582	0.0171572	0.013351	0.0192621	0.0171419	0.0150617	0.0149565	0.0110867	0.0232086
jeune	0.00228627	0.00298059	0.00432133	0.00544539	0.0105957	0.0171713	0.0329614	0.07765	0.115525	0.152545	0.236603	0.103991	0.0655573	0.0296837	0.0381118	0.0232613	0.017859	0.0120966	0.011076	0.00864696	0.00627288	0.00380273	0.00199604	0.00178455	0.000992666	0.000547655	0.000798618	0.00120376	0.00243152	0.000785565	0.00105813	0.00147906	0.00120929	0.00142351	0.00113223	0.00230908	0.00240331
garçon	0.0197262	0.024497	0.0222163	0.0232864	0.0237687	0.0332864	0.0359074	0.0444413	0.0787154	0.162595	0.0673213	0.0580834	0.0512204	0.0568289	0.0344568	0.0179947	0.0378599	0.0200556	0.0208839	0.0279145	0.0172316	0.0100367	0.00699201	0.00858872	0.0055637	0.00497156	0.00570834	0.00394804	0.00541113	0.00290293	0.00503556	0.0101156	0.00805978	0.00944462	0.00430924	0.0242789	0.00634196
a	0.0133561	0.0122508	0.00907998	0.00672268	0.00524583	0.00804102	0.00938102	0.00946459	0.0100249	0.0147365	0.0140907	0.0233925	0.042387	0.087209	0.0342408	0.0459918	0.0476402	0.0377234	0.0745229	0.0807044	0.0357506	0.0149098	0.0148365	0.0211922	0.0326366	0.0266926	0.0305121	0.0248628	0.0250831	0.0244084	0.0258799	0.0309062	0.0237474	0.0196759	0.0195447	0.0150494	0.0281058
un	0.0386976	0.0296544	0.0291903	0.0288987	0.0363623	0.0225459	0.0160253	0.00990136	0.00517001	0.00482699	0.00595158	0.008207	0.0157076	0.03621	0.0266788	0.059315	0.0548814	0.0642853	0.0929624	0.0830926	0.054198	0.0455411	0.0459151	0.0290023	0.00869788	0.0108736	0.00664914	0.00932324	0.014783	0.00705833	0.0132227	0.0110727	0.0151119	0.0127279	0.0127617	0.0167565	0.0177406
abcès	0.0312004	0.023274	0.019272	0.0176061	0.0183781	0.0170463	0.0151699	0.00932951	0.00633254	0.00903613	0.0133352	0.0263565	0.0573204	0.0511022	0.0352977	0.0494512	0.0326476	0.0441953	0.0568167	0.0744571	0.0480075	0.0462306	0.0478845	0.0578323	0.0155636	0.0151842	0.0105714	0.0115141	0.0127209	0.00789491	0.012502	0.0109971	0.0179976	0.0158689	0.0135786	0.0218034	0.0262238
au	0.0249477	0.026575	0.0280778	0.0206155	0.027663	0.0391186	0.0445308	0.0253062	0.0173764	0.0204289	0.0263504	0.0308401	0.0246946	0.0356563	0.0225711	0.0340622	0.0279837	0.0400933	0.0437359	0.0344777	0.0387802	0.0338031	0.0373127	0.0300505	0.017259	0.021395	0.01284	0.0217094	0.0226575	0.0151553	0.0189794	0.0180596	0.0212082	0.0197911	0.0240827	0.0222258	0.0295856
cou	0.0397031	0.0421551	0.0351412	0.0318132	0.0283278	0.032119	0.0231632	0.0141114	0.0108665	0.0136413	0.0113624	0.0412148	0.0312537	0.0449935	0.0214636	0.0235387	0.0347334	0.0395267	0.0379188	0.0389882	0.0466488	0.0340587	0.0346406	0.0429697	0.0239267	0.036513	0.0164908	0.0153208	0.0148414	0.00679921	0.01202	0.0128216	0.019054	0.0190602	0.0202592	0.0182217	0.0303181
</S>	0.0285601	0.0246959	0.0308957	0.0294664	0.0444441	0.0646042	0.0656372	0.0433018	0.0302939	0.025862	0.0259232	0.0176717	0.0184114	0.028161	0.0313731	0.0343843	0.0307059	0.0402705	0.0350476	0.0275224	0.0208155	0.0169752	0.0152947	0.0195084	0.0114291	0.0171063	0.00803396	0.018092	0.0188902	0.0110948	0.0157179	0.0211215	0.0200943	0.0228779	0.0280753	0.0247169	0.0329234
