 	a23	a53	a90	a82	a38	a43	a75	a41	a35	a24	a41	a76	a98	a14	a35	a30	a57	a87	a79	a41	a32	a25	a38	a14	a35	a41	a24	a26	a32	a38	a76	a73	a84	a57	a87	</S>
le	0.0817816	0.101247	0.0613686	0.0396768	0.0314835	0.0208467	0.0167872	0.0148668	0.0147214	0.0171544	0.0109446	0.0142343	0.0119	0.00866168	0.0114481	0.0080352	0.00675309	0.00631431	0.00837123	0.00778122	0.0199548	0.0117574	0.0187794	0.0203306	0.0255651	0.033519	0.0274427	0.022184	0.0135321	0.0162442	0.0470396	0.0585673	0.0738826	0.0538139	0.0269218	0.0360873
fillet	0.00237998	0.00461582	0.0147869	0.0158939	0.0313218	0.0275839	0.038737	0.0532559	0.0343492	0.057273	0.0681099	0.031424	0.0409615	0.049297	0.0587522	0.0543764	0.0596749	0.0390394	0.0574964	0.0683635	0.048137	0.0263151	0.0203885	0.0247465	0.0171732	0.0119678	0.0120663	0.00423125	0.00718233	0.00427258	0.00526343	0.00260319	0.00166358	0.00179632	0.00330584	0.00119454
s'	0.012686	0.0291405	0.0572441	0.0855385	0.101355	0.0800739	0.0417966	0.0304806	0.0165757	0.023785	0.0130308	0.0132249	0.0319637	0.0362782	0.0503216	0.0289317	0.0336705	0.0210181	0.0324457	0.0674011	0.0399416	0.0209943	0.0134668	0.0268689	0.0132705	0.00889629	0.00681642	0.00567008	0.00617765	0.00853816	0.0083137	0.00663262	0.00583598	0.0056249	0.0114086	0.00458097
est	0.0360197	0.0211643	0.021973	0.0308323	0.0308837	0.0456906	0.0577518	0.033731	0.0420591	0.0532234	0.0334881	0.0134099	0.032084	0.0250782	0.0345297	0.0166807	0.022333	0.0117955	0.011764	0.0142634	0.0107486	0.00624395	0.00376264	0.00502657	0.00692155	0.00639023	0.00666347	0.00916258	0.0233786	0.0504717	0.0288024	0.0433898	0.0334546	0.0294797	0.0444169	0.102931
accroché	0.0121072	0.0150622	0.0194351	0.033428	0.062098	0.0752421	0.0615185	0.0242763	0.0158242	0.0292871	0.0350015	0.0369296	0.0636316	0.0541178	0.069839	0.0351489	0.0217792	0.0305435	0.0501768	0.039251	0.0488506	0.0371458	0.0158404	0.0155139	0.0114119	0.00668334	0.0042944	0.00458118	0.00704487	0.0137769	0.00696559	0.00483116	0.00565562	0.00599128	0.00841784	0.0182977
à	0.0297811	0.0424703	0.0423454	0.0382523	0.032502	0.0235819	0.0149538	0.00521538	0.00585017	0.0142776	0.018864	0.0157236	0.0115981	0.0239888	0.0220364	0.0244859	0.016271	0.0112262	0.0114519	0.0149641	0.0163983	0.0089091	0.00989307	0.0245976	0.0505993	0.0296817	0.0243469	0.019203	0.0440168	0.048858	0.0353515	0.0378964	0.0444032	0.0462398	0.0478971	0.0918685
une	0.0129926	0.0130996	0.0176523	0.0259683	0.0141823	0.00732024	0.00610998	0.0043688	0.0036827	0.00562285	0.005708	0.00539479	0.00594183	0.00922884	0.0116154	0.0110557	0.0109328	0.0100328	0.00918035	0.0120456	0.01279	0.0108213	0.00949196	0.022037	0.0240207	0.0358344	0.0296692	0.0321482	0.0458454	0.0420052	0.0453408	0.0572431	0.130582	0.0891078	0.0823168	0.12861
branche	0.0133516	0.0118493	0.0149944	0.0277491	0.0207997	0.0236556	0.0183929	0.0167516	0.0261873	0.0289192	0.0291799	0.033187	0.0373178	0.0433687	0.0464379	0.044134	0.0218584	0.0243362	0.0201552	0.0264587	0.0434275	0.0265619	0.0102631	0.0158556	0.0141304	0.00834378	0.0092273	0.0128332	0.0390874	0.0310487	0.0316166	0.035854	0.0614243	0.0495208	0.0380677	0.0436534
</S>	0.0389137	0.0197932	0.00985524	0.0130973	0.0100093	0.00447983	0.00348746	0.00406058	0.00284985	0.00491225	0.00764831	0.00900278	0.0145181	0.0184648	0.0209103	0.0189659	0.0121906	0.00857766	0.00725895	0.0115679	0.0175864	0.00660714	0.0130718	0.0138434	0.0125482	0.0267381	0.0294826	0.0561983	0.0523737	0.0519329	0.0656669	0.0702243	0.0915179	0.0768514	0.0722918	0.102501
