 	a79	a21	a61	a62	a88	a0	a21	a61	a75	a85	a37	a27	a90	a25	a56	a75	a0	a75	a56	a25	a56	a75	a61	a83	a9	a10	a87	a23	a87	</S>
c'	0.158016	0.126825	0.083474	0.0506323	0.0486534	0.0631146	0.0407301	0.0293671	0.0171066	0.0178	0.0252086	0.0263633	0.0238641	0.024658	0.0161393	0.0113709	0.0119098	0.0143227	0.0186394	0.0119686	0.0118074	0.0127481	0.0145988	0.0174003	0.0159596	0.0148841	0.0181274	0.0227578	0.0163443	0.035208
est	0.0237688	0.022706	0.0276892	0.0301828	0.0236099	0.041967	0.0293747	0.0555217	0.0371364	0.0353137	0.0290183	0.0149748	0.0105886	0.0127263	0.0116233	0.0154308	0.0224013	0.0185767	0.0282927	0.0264958	0.0237184	0.0321048	0.0485773	0.0401998	0.073012	0.0656398	0.0664222	0.0472652	0.0467177	0.038944
une	0.0468785	0.0288369	0.0449544	0.0502423	0.0425698	0.0329325	0.0377451	0.0492838	0.0412282	0.0357221	0.027889	0.0235428	0.0177625	0.0365594	0.0247748	0.0232559	0.030768	0.00965325	0.0130165	0.00837741	0.0131291	0.0174134	0.0204467	0.0268968	0.0422645	0.0412715	0.0401221	0.0378517	0.0645922	0.0700187
région	0.0115642	0.00629509	0.0109553	0.0123241	0.0140857	0.0338287	0.0318487	0.0440185	0.0498881	0.0921098	0.0738015	0.0845649	0.101877	0.0724436	0.0558257	0.0405551	0.0523662	0.0229556	0.0248865	0.0106781	0.00843593	0.0108278	0.0165433	0.0217664	0.0191967	0.0234907	0.014134	0.0159967	0.0143037	0.00843268
brûlée	0.0202492	0.020353	0.0355292	0.0213685	0.0261996	0.0567999	0.0393036	0.0195321	0.00980279	0.018372	0.0162844	0.0117533	0.0144133	0.0261787	0.0357322	0.0217984	0.0527718	0.0268973	0.0621922	0.0714143	0.0523569	0.0304384	0.0454204	0.053304	0.0431148	0.053772	0.0279381	0.0375634	0.0312572	0.0178892
par	0.0848414	0.0660804	0.063265	0.0478139	0.0371723	0.0275247	0.0262216	0.0181144	0.0142031	0.0105075	0.0104453	0.0231666	0.0131336	0.0209267	0.0229722	0.0173692	0.0202577	0.0270944	0.0296841	0.0229053	0.0167194	0.0132603	0.0192174	0.0273475	0.0309679	0.0507348	0.0474296	0.0680888	0.061774	0.060761
le	0.0702707	0.0463401	0.033344	0.0285157	0.0204894	0.0171047	0.013618	0.0178369	0.0137973	0.0132011	0.0176683	0.020794	0.0159231	0.0164793	0.0153222	0.0131799	0.00969943	0.0129485	0.00711723	0.00991425	0.0162967	0.0206538	0.0228851	0.0268906	0.0371327	0.0464327	0.0774016	0.0972179	0.122111	0.119413
soleil	0.0282451	0.0334936	0.045767	0.039352	0.0397836	0.0381776	0.0631797	0.024093	0.0198239	0.0150976	0.0159575	0.0268812	0.0170411	0.0207861	0.0243173	0.0148054	0.0129465	0.013986	0.014895	0.0166264	0.0149293	0.010459	0.0149262	0.0135175	0.0280253	0.040757	0.041977	0.0710288	0.0903553	0.148769
</S>	0.0247278	0.0317942	0.0493756	0.0422698	0.0464184	0.0294529	0.0709689	0.0362146	0.0270245	0.0185525	0.0201898	0.0270469	0.0141325	0.0236704	0.0253977	0.0147562	0.0133223	0.0138444	0.0134133	0.00969171	0.00773636	0.00547503	0.0111167	0.0149528	0.0354089	0.0536978	0.0479176	0.0590172	0.0838401	0.128573
