 	a23	a85	a87	a23	a79	a20	a44	a58	a11	a56	a94	a54	a73	a84	a53	a76	a94	a32	a20	a73	a94	a66	a76	a94	a98	a76	a90	a94	a24	a47	a62	a61	a12	a75	a56	a96	a66	a20	a84	a87	</S>
il	0.014015	0.0166738	0.0193813	0.0093736	0.0210073	0.0311235	0.0344817	0.0575804	0.0213755	0.022675	0.0215889	0.0381462	0.0519327	0.0544077	0.0526859	0.0260917	0.0437752	0.0142586	0.0279474	0.0217257	0.0118365	0.012595	0.013165	0.00742779	0.0115602	0.0125177	0.00507037	0.00649376	0.00496043	0.010122	0.0109077	0.0173332	0.0239973	0.0304418	0.0368935	0.0351097	0.0276668	0.0235533	0.0265926	0.026355	0.0451533
a	0.00362031	0.00478825	0.00341897	0.00549711	0.00464794	0.00358857	0.0189494	0.0515348	0.0321447	0.0228064	0.0309717	0.0287888	0.028826	0.0298944	0.0186718	0.0227564	0.0164201	0.018192	0.017735	0.0278826	0.0223115	0.0258888	0.0145894	0.0120414	0.0188343	0.0175643	0.0305871	0.0204636	0.0197478	0.0253316	0.0375909	0.0324214	0.0326312	0.0403139	0.0276402	0.0294561	0.0404187	0.0408836	0.0371169	0.0458386	0.0371936
besoin	0.0123329	0.00670116	0.00957692	0.0141654	0.0175195	0.01477	0.0222332	0.0359953	0.0528736	0.0199441	0.0227908	0.012884	0.00868235	0.0142501	0.00371	0.00247253	0.00573812	0.00736788	0.00839041	0.0122635	0.00828907	0.00970429	0.00425893	0.00364754	0.0051683	0.00552046	0.00616052	0.00718941	0.0130142	0.0212195	0.0313547	0.0348875	0.0478048	0.0557275	0.044995	0.0524445	0.0539736	0.0654617	0.0465919	0.076702	0.101223
d'	0.067412	0.0458533	0.053699	0.0492272	0.0335711	0.0473134	0.0419986	0.0405101	0.0309819	0.0186062	0.0298294	0.021177	0.0172649	0.0188304	0.0181902	0.0233143	0.0400151	0.0254762	0.0383411	0.0397761	0.0422865	0.0711081	0.0465592	0.0343736	0.0147063	0.0105852	0.0056496	0.00327304	0.00532071	0.00615013	0.00741113	0.00490511	0.00506799	0.00420226	0.00405097	0.00404418	0.00407551	0.00522414	0.00400566	0.00525599	0.0103573
argent	0.0408086	0.0173307	0.0165213	0.0146504	0.0138332	0.0150101	0.0195291	0.0255153	0.0226002	0.0147015	0.0134833	0.0161725	0.0136658	0.0152577	0.0185509	0.0167867	0.0193921	0.0155009	0.0137357	0.010426	0.0158298	0.020686	0.0313184	0.034594	0.0365271	0.0420961	0.0337849	0.0141429	0.00860746	0.00761009	0.00672994	0.0172517	0.020075	0.0258311	0.0231303	0.0340624	0.0451418	0.0578961	0.0442087	0.0606863	0.0663178
pour	0.03365	0.0266951	0.0228454	0.0135236	0.0112575	0.017998	0.0182151	0.039332	0.0260001	0.0166813	0.01471	0.0152446	0.0146888	0.0128348	0.0127753	0.0121725	0.0123446	0.0132508	0.0119913	0.0160667	0.0251203	0.0273443	0.0315538	0.0251169	0.0252314	0.0212113	0.0187835	0.0186467	0.0161227	0.0201331	0.0173253	0.0251224	0.0331172	0.0278516	0.0255696	0.0386027	0.0371689	0.0441042	0.0428809	0.0501236	0.0665922
le	0.0292911	0.0176864	0.0152046	0.0126361	0.00860195	0.00867522	0.00740254	0.010484	0.010302	0.00827891	0.00755887	0.00745706	0.0101586	0.00978206	0.00839759	0.00861552	0.00972588	0.0118088	0.0122025	0.0102741	0.0145665	0.0105523	0.0139668	0.0132347	0.0143748	0.0159086	0.0214145	0.00902118	0.0111963	0.0146959	0.0142541	0.0264166	0.0238596	0.0276112	0.0302645	0.0523892	0.0656546	0.0913241	0.0810722	0.121755	0.101924
voyage	0.0179441	0.0057461	0.00489592	0.00400632	0.00233251	0.00172744	0.00286117	0.00634099	0.00783805	0.00442354	0.00395068	0.00488987	0.00766667	0.00774919	0.00721427	0.00525315	0.00597485	0.00322634	0.00618458	0.00595339	0.00827868	0.0177102	0.0194574	0.0163666	0.0224472	0.02062	0.0217694	0.0203836	0.0249096	0.0317571	0.0480348	0.0819311	0.0657855	0.0625215	0.0378321	0.040653	0.0472233	0.0702189	0.0579353	0.0824648	0.0855208
</S>	0.0204215	0.00889319	0.00734715	0.00483159	0.00317981	0.00348513	0.00444377	0.0114043	0.0130282	0.008977	0.00792761	0.00753285	0.00723986	0.00824064	0.00707407	0.00545728	0.00409749	0.00202604	0.00417888	0.00806953	0.0116577	0.0175244	0.0149353	0.00926407	0.01044	0.0092295	0.0117732	0.00641748	0.0044483	0.0038157	0.00591018	0.0221273	0.0237493	0.0404414	0.0315992	0.0635598	0.0959077	0.138097	0.0883328	0.123838	0.119076
