 	a66	a87	a23	a97	a87	a40	a36	a27	a75	a12	a96	a18	a93	a96	a90	a56	a44	a75	a92	a79	a98	a47	a7	a75	a98	a47	a36	a2	a57	a97	a87	a23	a83	a71	a9	a75	a6	a0	a54	a79	a90	a56	a54	a92	a37	a66	a44	a56	a79	a36	a27	a3	a97	a87	a23	a99	a97	</S>
les	0.0374287	0.0416018	0.0325989	0.0260147	0.0265798	0.0225812	0.0563272	0.0341681	0.0417148	0.0435523	0.0458765	0.0610201	0.0456481	0.0424111	0.0358987	0.0348825	0.0306236	0.0225098	0.0161378	0.0129011	0.0114904	0.00833885	0.00942745	0.0102338	0.0123837	0.00762088	0.00900084	0.00512466	0.0037684	0.00292758	0.00273114	0.00216331	0.00275283	0.00325669	0.00451881	0.00789004	0.00976224	0.0102631	0.0136213	0.0121159	0.0185671	0.0158359	0.016387	0.0148366	0.00525517	0.00564435	0.00454165	0.00303005	0.00405351	0.00320415	0.00410285	0.00534801	0.00583385	0.00589873	0.00553792	0.0046167	0.00748765	0.00995027
jeunes	0.00358877	0.00510242	0.00417121	0.00353695	0.00335755	0.00757426	0.0409326	0.0723328	0.0556992	0.0612717	0.0550503	0.0558974	0.0532332	0.0349404	0.0258105	0.0142404	0.0181184	0.0299782	0.0208075	0.0209018	0.0271884	0.0222603	0.0268995	0.0242583	0.0264023	0.035093	0.0320626	0.0211167	0.0227857	0.0232549	0.0322118	0.0307309	0.0146689	0.0116485	0.00929217	0.00676246	0.00237637	0.00199532	0.00178112	0.00269002	0.00261404	0.00136192	0.00210901	0.00167344	0.0012554	0.00144879	0.00295057	0.00392146	0.0041472	0.00159721	0.00196311	0.00184357	0.00263101	0.00136221	0.00180803	0.00135321	0.00342635	0.000508672
d'	0.0320799	0.0239425	0.018803	0.0153796	0.0258024	0.0455044	0.0390254	0.0392137	0.0243463	0.0314634	0.0196156	0.0177664	0.0125013	0.0177188	0.0163147	0.0200476	0.0178754	0.0350982	0.0268451	0.0193219	0.0235703	0.0141452	0.0162038	0.0219867	0.0186535	0.0207111	0.0202594	0.0191171	0.0263409	0.0343772	0.0348838	0.0233858	0.0207023	0.0221497	0.0186302	0.00822773	0.0106887	0.0100388	0.00840774	0.00863834	0.00819016	0.00565318	0.00312653	0.00470828	0.005597	0.00549383	0.0036442	0.00364481	0.00574442	0.00412991	0.0068155	0.00781493	0.0115428	0.00733668	0.00820303	0.00574066	0.0206416	0.00218851
ongonza	0.0265815	0.0342843	0.0188273	0.0109309	0.0135199	0.0320524	0.0218741	0.0251815	0.0181318	0.0171083	0.0168166	0.0188631	0.0106234	0.0165014	0.00814025	0.00880508	0.0123967	0.0107769	0.0129898	0.0131773	0.0121433	0.0164034	0.0308475	0.019447	0.0241114	0.0232669	0.0308933	0.0197156	0.0291834	0.0349584	0.0230557	0.0213845	0.0133023	0.0116915	0.00684121	0.00754141	0.00581943	0.00548703	0.00643624	0.00579668	0.00598123	0.0101919	0.00589625	0.00743787	0.015055	0.0120338	0.0120705	0.0171499	0.0140149	0.0222987	0.0162178	0.029073	0.0176326	0.0180355	0.0249302	0.020603	0.0174521	0.0380171
pratiquent	0.0766563	0.0435545	0.028841	0.0253263	0.0248499	0.0235351	0.00897314	0.00589824	0.00591406	0.00514866	0.00460867	0.00733851	0.00664235	0.0111418	0.00814439	0.0185518	0.0227568	0.0167329	0.028008	0.0228541	0.0249141	0.0223144	0.0317006	0.0395485	0.051306	0.0450926	0.045157	0.0248062	0.0314919	0.02615	0.0228909	0.0165815	0.0202263	0.0218077	0.0173938	0.0151547	0.0144601	0.0131045	0.0114094	0.00716893	0.00845526	0.00758619	0.00175608	0.00325384	0.00792529	0.00492732	0.00271833	0.00537957	0.00359264	0.00555722	0.00412768	0.00623206	0.00482744	0.00389798	0.00608439	0.00653655	0.00477964	0.0142068
la	0.0481049	0.0391122	0.0269862	0.026753	0.0133885	0.0144883	0.00637357	0.00726606	0.00624781	0.00590448	0.00422189	0.00413212	0.00535952	0.00737984	0.00815621	0.0163636	0.0227243	0.0207947	0.0337896	0.0288908	0.0353006	0.0304102	0.0401085	0.0464775	0.0410261	0.032035	0.0479981	0.0212539	0.0352263	0.0203626	0.0153601	0.0174089	0.020021	0.0234517	0.0195967	0.0260895	0.0195051	0.0164604	0.0150828	0.00862067	0.0116006	0.00982802	0.00492073	0.00830865	0.0103161	0.00987713	0.00644426	0.00440201	0.00488285	0.00568445	0.00541839	0.00618262	0.00444434	0.00501679	0.00452305	0.00549175	0.00530666	0.00911835
pêche	0.0262618	0.0108947	0.00432633	0.00417385	0.00304592	0.00455119	0.00359985	0.00349097	0.00421513	0.00462681	0.00962559	0.00510236	0.00544887	0.0127919	0.00991387	0.0180989	0.0213044	0.0309101	0.036369	0.0387058	0.0413844	0.0414262	0.0534306	0.0466828	0.046323	0.0318435	0.0163949	0.0202091	0.0499498	0.0419113	0.0246322	0.0358739	0.0256418	0.023552	0.0242428	0.029102	0.0192044	0.016852	0.011496	0.00460086	0.00567543	0.00435975	0.00225794	0.00460657	0.00374472	0.00349311	0.00236705	0.00228497	0.00473089	0.00529352	0.00664623	0.0125475	0.0155458	0.0100056	0.0132336	0.00845153	0.0127807	0.0197644
au	0.0598946	0.0244797	0.00905724	0.00549775	0.00210657	0.00139578	0.000745488	0.000500202	0.000328745	0.000482114	0.000909383	0.00169822	0.00321349	0.00579381	0.0108003	0.0204001	0.0483135	0.0540026	0.0805778	0.122396	0.0522175	0.0918168	0.0449159	0.0375773	0.0347184	0.0118248	0.00384605	0.0043134	0.0102422	0.00417574	0.00237396	0.000942029	0.00104295	0.00110242	0.000936795	0.00135181	0.00284994	0.00177035	0.00480033	0.00491783	0.011296	0.0144822	0.00874515	0.0227732	0.0118781	0.00748844	0.00374062	0.00155358	0.00245266	0.00343705	0.00989102	0.0263753	0.0215054	0.0172608	0.0162086	0.0143195	0.0169501	0.0193123
filet	0.0244395	0.00509884	0.00201096	0.00125787	0.000839052	0.000886318	0.000780179	0.000717949	0.000450035	0.000602218	0.00110339	0.00200211	0.00220026	0.00555242	0.00890793	0.0148314	0.0267901	0.0357498	0.0480718	0.101013	0.0415273	0.0812854	0.0509827	0.0494886	0.0488676	0.0172858	0.00669627	0.00922024	0.0217158	0.0100353	0.00471715	0.00244407	0.00277445	0.00272025	0.00193518	0.0018913	0.00302505	0.00186753	0.00261566	0.00281566	0.00560526	0.00842743	0.0102719	0.0153239	0.0111655	0.00805529	0.00516554	0.00415157	0.00919126	0.00978637	0.0231441	0.0542586	0.0354011	0.0247145	0.0307007	0.0324915	0.0217759	0.0431532
dans	0.0461204	0.0181194	0.00731335	0.0047099	0.0017215	0.00073621	0.000565008	0.000293283	0.000395584	0.000606143	0.00192317	0.00215763	0.00364953	0.0101287	0.0179754	0.0245596	0.0364004	0.0323357	0.0503002	0.0655252	0.038262	0.0442314	0.0303174	0.0355074	0.0450886	0.0170371	0.0100734	0.00722997	0.00959122	0.00612286	0.0047578	0.00279665	0.00292062	0.00397251	0.00499485	0.00678869	0.0111916	0.00448336	0.00870893	0.00925928	0.0128565	0.00790806	0.00627478	0.00834224	0.00520081	0.00519396	0.0053823	0.00760715	0.0110895	0.0111621	0.02111	0.0349117	0.0349245	0.0315598	0.0383333	0.0368199	0.0537451	0.0387066
le	0.0632466	0.0110339	0.0047391	0.00308717	0.00244387	0.00149327	0.000622419	0.00036191	0.000376765	0.000336278	0.000750004	0.00188667	0.00145177	0.00565544	0.00989182	0.012541	0.0182144	0.0156223	0.0238359	0.0279566	0.0171237	0.0154064	0.0108304	0.0127282	0.0172896	0.00652369	0.00739121	0.00499048	0.00626235	0.00439882	0.00359615	0.00272872	0.00343319	0.00439384	0.00475969	0.00378234	0.0045408	0.00218874	0.00334235	0.00438273	0.00485068	0.00582869	0.0087647	0.00947064	0.00646029	0.0122635	0.00832547	0.0148742	0.0315904	0.0225097	0.0365463	0.0775289	0.088555	0.0685757	0.0839167	0.0700283	0.0816549	0.0226154
ruisseau	0.0594236	0.0177479	0.00933352	0.00535646	0.00332784	0.00237749	0.00167285	0.00105091	0.000993209	0.00160062	0.00396043	0.00791416	0.00671135	0.0170855	0.0308258	0.0398628	0.0458209	0.0328164	0.0411062	0.0369651	0.0340572	0.0236606	0.0158008	0.0197199	0.022947	0.0119811	0.0126038	0.0103921	0.0148761	0.0147695	0.0115745	0.00877832	0.014202	0.0141445	0.00959562	0.00621083	0.0140477	0.00722667	0.0164584	0.0202706	0.0224606	0.0159121	0.0149765	0.00708491	0.0110377	0.012288	0.00977515	0.0110614	0.0162818	0.0160082	0.0217926	0.0266049	0.0335424	0.0327305	0.0188929	0.0144426	0.0377842	0.0080536
vouma	0.0469858	0.0203724	0.0139084	0.0100634	0.00427017	0.00403782	0.00157851	0.00117699	0.00226678	0.00502761	0.00873936	0.00915068	0.0119189	0.0209254	0.0389586	0.0386933	0.0323638	0.0231402	0.0340906	0.033889	0.0380257	0.0236933	0.00876219	0.0126934	0.0160535	0.0108239	0.00865574	0.00754632	0.0126634	0.010206	0.0097108	0.0115509	0.0119791	0.01032	0.00804546	0.00676615	0.0131298	0.0103973	0.0255029	0.0454903	0.0317196	0.0302091	0.0232079	0.0121505	0.0259818	0.019248	0.0185367	0.0151199	0.0133727	0.0113041	0.0139738	0.0160263	0.0204069	0.0205351	0.0157268	0.0135185	0.0283088	0.0070795
pen-	0.0791153	0.0199138	0.0103408	0.00882681	0.00435947	0.00197284	0.00295554	0.000824343	0.00121152	0.00157499	0.0023076	0.00497229	0.0057357	0.0139191	0.0147322	0.0115272	0.0116876	0.00889954	0.0104867	0.0106354	0.0075778	0.00584574	0.00407312	0.00427027	0.00822858	0.00502958	0.00434735	0.00365685	0.00425601	0.00323567	0.00294223	0.00219096	0.00286927	0.00309139	0.00282257	0.00347847	0.00310569	0.00246644	0.00459268	0.00422285	0.00435625	0.00567416	0.018617	0.0128199	0.0181257	0.0383341	0.0358105	0.0219117	0.0389429	0.0271309	0.0322031	0.0539175	0.0577648	0.0590971	0.072709	0.048368	0.119191	0.0267247
dant	0.0834631	0.0325496	0.0247763	0.0213244	0.00989413	0.00794191	0.00515	0.00391037	0.00464475	0.00742105	0.0128345	0.014913	0.0170298	0.0283284	0.0249692	0.0340117	0.0408801	0.0238696	0.0271792	0.0216494	0.0182638	0.0118934	0.006817	0.0101932	0.0138197	0.0126877	0.0170984	0.00791092	0.0126572	0.0142419	0.0139451	0.0110019	0.0161663	0.0170409	0.0127209	0.0123896	0.0153832	0.011372	0.0195433	0.0236066	0.0213792	0.0140043	0.0159159	0.00873411	0.0158231	0.0153528	0.0140226	0.0124824	0.013469	0.00943873	0.014681	0.0141623	0.0197638	0.0147929	0.0123792	0.0127096	0.0378464	0.00754934
la	0.0382577	0.0127855	0.010706	0.00907054	0.00927422	0.00631348	0.00376466	0.00256024	0.00296853	0.00351579	0.00514267	0.0058121	0.00763167	0.013352	0.0192778	0.0217042	0.0178306	0.0170611	0.0165265	0.0217879	0.0184083	0.0140234	0.00752692	0.0106357	0.00898807	0.00686044	0.00555811	0.0070723	0.00882189	0.00677134	0.00751979	0.00550394	0.00592178	0.0065991	0.00675726	0.00624311	0.0084237	0.00837911	0.0173482	0.0301429	0.0223523	0.0343719	0.0245094	0.0216341	0.0499974	0.0360862	0.0347482	0.0326735	0.033711	0.0204044	0.0295662	0.0358025	0.040764	0.0347141	0.0292927	0.0211682	0.0340214	0.0213338
grande	0.0246686	0.0149326	0.0130634	0.00867391	0.0131515	0.00886371	0.00820104	0.0049373	0.00594866	0.00592378	0.00718664	0.00950356	0.00958701	0.0128714	0.0172323	0.0187114	0.0167474	0.0196571	0.0191485	0.0268406	0.0224371	0.0218952	0.0106273	0.0147144	0.0125114	0.00665897	0.00791592	0.00730838	0.00813409	0.00685517	0.00722163	0.00537179	0.00600193	0.00691825	0.00708256	0.00609428	0.0112127	0.00942809	0.0152865	0.0221146	0.0165503	0.0275009	0.0359017	0.0153122	0.0349532	0.0213153	0.0225182	0.0207617	0.024217	0.019494	0.0287853	0.0400067	0.0396347	0.03928	0.0341565	0.0281425	0.0290932	0.0407357
saison	0.0213956	0.0174408	0.0161303	0.0112765	0.0158144	0.0111385	0.011481	0.00727555	0.0091241	0.0089308	0.0109653	0.0103917	0.0121274	0.0165213	0.02357	0.0212716	0.0171569	0.0269015	0.0227157	0.0334538	0.0357234	0.0311374	0.0220792	0.0291145	0.0245926	0.0150267	0.0170807	0.0153392	0.012194	0.00840191	0.00948431	0.00750653	0.00725397	0.00789512	0.00844893	0.00884975	0.0134347	0.0122375	0.0195552	0.0239487	0.0195303	0.0387764	0.0482226	0.0185524	0.0329254	0.0183996	0.0188401	0.0117413	0.0142863	0.00641014	0.0127004	0.0143347	0.0121011	0.013729	0.0133138	0.012248	0.0123122	0.027189
sèche	0.0282463	0.010044	0.00838643	0.0067775	0.00777371	0.00481554	0.00459451	0.00344899	0.00386943	0.00385726	0.00502237	0.00486578	0.00706628	0.00950463	0.0127302	0.0178934	0.0176509	0.0264765	0.0220292	0.0336063	0.0284622	0.0284526	0.0210078	0.0267668	0.0236739	0.0152001	0.0174435	0.0162132	0.0139036	0.00855433	0.00954853	0.00664222	0.00779495	0.00808543	0.00812888	0.00932692	0.00853949	0.00756193	0.0126943	0.0119388	0.0118496	0.0324621	0.0433424	0.0164877	0.0411782	0.0206268	0.0218122	0.0210898	0.0202607	0.016071	0.0226266	0.0306399	0.0202109	0.020326	0.0237879	0.0229503	0.0187058	0.0669731
</S>	0.0336473	0.0223919	0.0195445	0.0150002	0.0157533	0.00644295	0.00630173	0.00341699	0.00370903	0.00334118	0.00378121	0.00519538	0.00622475	0.00881562	0.0104581	0.0133683	0.0165136	0.0201833	0.0214799	0.0285001	0.0174373	0.0185425	0.0152447	0.0179983	0.0165316	0.00980576	0.0108156	0.00937503	0.0130475	0.0106731	0.0117979	0.00831499	0.00958981	0.0139161	0.0196133	0.0224869	0.0221381	0.0178298	0.0299856	0.0278027	0.0305177	0.0377125	0.0477816	0.0281126	0.0308129	0.0201641	0.0187245	0.0140485	0.0125341	0.00981063	0.0182896	0.0201907	0.0158877	0.0208928	0.0163031	0.018051	0.0190503	0.0340999
