 	a15	a66	a87	a23	a93	a56	a43	a21	a5	a85	a47	a56	a93	a4	a93	a70	a71	a9	a87	a23	a87	</S>
la	0.0689925	0.0538327	0.0478245	0.0257144	0.0173268	0.012535	0.0102776	0.00570315	0.00400326	0.00276523	0.00794289	0.0173102	0.0317541	0.0425544	0.0620326	0.0865263	0.074034	0.12838	0.0730322	0.0630624	0.0690964	0.0952994
danseuse	0.0333139	0.0426081	0.0813816	0.0586786	0.0811092	0.0933662	0.0721573	0.0866064	0.0454676	0.090174	0.10234	0.0624066	0.0885719	0.0162426	0.0207333	0.00382828	0.00496309	0.00293631	0.00244556	0.00244023	0.00459092	0.00363843
n'	0.0757156	0.0509265	0.0447543	0.0452747	0.0532731	0.0589978	0.0415974	0.0283263	0.00833238	0.00591983	0.0159226	0.0159677	0.0160884	0.0267877	0.0334252	0.0310859	0.048901	0.057071	0.0930216	0.0866079	0.0839121	0.0780912
a	0.0423096	0.0348441	0.0182597	0.0213182	0.0162428	0.0117347	0.0156921	0.0207369	0.0273303	0.0287637	0.0295348	0.0332743	0.0184604	0.0384819	0.0394916	0.0315563	0.0388006	0.0461721	0.0737912	0.0812331	0.14392	0.188052
personne	0.161826	0.0747171	0.0476385	0.0819821	0.0332905	0.0185524	0.0204861	0.0165585	0.0137583	0.00858119	0.017399	0.0105188	0.00674554	0.0134208	0.0084492	0.0114259	0.0205014	0.0243211	0.0423666	0.0701208	0.0948935	0.202446
pour	0.0869585	0.0467559	0.0387963	0.0294095	0.0228892	0.0245788	0.0430798	0.0391481	0.0347831	0.0156003	0.0213144	0.0273054	0.00654535	0.0333744	0.0230689	0.0272669	0.04286	0.0450116	0.0798333	0.0661431	0.0912204	0.154057
la	0.0533834	0.0346335	0.0302643	0.0263116	0.0199097	0.0242859	0.039508	0.0251436	0.0241838	0.0149522	0.0274509	0.0399879	0.017423	0.0449375	0.041668	0.0476045	0.0520621	0.0498095	0.0662654	0.0811368	0.112961	0.126117
gratifier	0.0706631	0.0501049	0.0259322	0.0212283	0.0227378	0.0328856	0.0278611	0.016142	0.0160616	0.00948253	0.0108774	0.0172059	0.0069259	0.016993	0.0190626	0.0379203	0.0841377	0.0583662	0.126998	0.0940582	0.138588	0.0957678
</S>	0.0344873	0.042766	0.0319165	0.0158978	0.0210811	0.0109314	0.00837075	0.00527262	0.00235816	0.00103233	0.00211957	0.00577173	0.00804089	0.0123918	0.0139624	0.0396039	0.0512355	0.0826233	0.0992951	0.122858	0.161785	0.226199
