 	a23	a87	a23	a20	a30	a26	a35	a94	a90	a76	a94	a58	a10	a75	a41	a76	a41	a35	a75	a41	a35	a24	a25	a87	</S>
c'	0.0543741	0.0638027	0.09641	0.148256	0.122008	0.0899557	0.0586976	0.0246467	0.100835	0.0253454	0.0353175	0.012955	0.006044	0.00535188	0.00443607	0.00432623	0.00490521	0.0064441	0.00937825	0.0129859	0.0130909	0.0269159	0.0198974	0.0215266	0.0320931
est	0.0100891	0.00895267	0.0121806	0.0189284	0.0260905	0.0438203	0.0509211	0.0733025	0.093447	0.0778687	0.0728317	0.015803	0.0173447	0.0148241	0.00441012	0.00375377	0.00655002	0.00557794	0.0145051	0.0514936	0.0668577	0.0828011	0.0697011	0.0844247	0.0735206
un	0.0116391	0.00475718	0.00236595	0.00319394	0.00232915	0.00307572	0.0046784	0.00697695	0.0107819	0.00991171	0.0100899	0.00891306	0.0102928	0.00959274	0.00439522	0.00306676	0.00216161	0.00367109	0.0126453	0.0433036	0.159025	0.244911	0.133421	0.158819	0.135981
homme	0.0386993	0.0177695	0.0248343	0.0193151	0.0253315	0.0280627	0.0381441	0.0338163	0.0331625	0.0781559	0.0940739	0.0794691	0.0613221	0.0691036	0.0596093	0.0292541	0.078808	0.0293704	0.0257783	0.0245613	0.0250581	0.0300963	0.0228488	0.0175596	0.0157958
d'	0.0310826	0.00791426	0.00637671	0.00750272	0.00454804	0.00800183	0.0165	0.0151289	0.013501	0.0112496	0.00861773	0.00321386	0.00393811	0.00529109	0.00784993	0.00641085	0.00996682	0.0186654	0.0271145	0.0571035	0.0958809	0.173474	0.163454	0.183992	0.113221
une	0.13097	0.0694099	0.0700907	0.0495715	0.0395221	0.0277702	0.0307753	0.0621951	0.039566	0.0547885	0.0363354	0.0221533	0.014662	0.0157662	0.00981337	0.007557	0.0119738	0.0152378	0.00751416	0.0126495	0.0229428	0.0325681	0.0413414	0.0539071	0.120919
grande	0.0186583	0.0151359	0.0117064	0.0148649	0.0119866	0.0118112	0.021701	0.0258655	0.0219719	0.0355156	0.0325187	0.0229667	0.023827	0.0195405	0.0241649	0.0198865	0.0194353	0.0150077	0.0107977	0.0261277	0.0646582	0.102601	0.149515	0.122893	0.156843
bonté	0.0193049	0.021519	0.0222888	0.0176307	0.00924897	0.00599403	0.00554538	0.0101934	0.0114747	0.00785185	0.013921	0.0223658	0.0178836	0.0291036	0.0284102	0.0221433	0.0116796	0.0131892	0.0235182	0.0468205	0.0849717	0.163194	0.127105	0.125515	0.139128
</S>	0.0122949	0.0128169	0.0123124	0.00507386	0.00181017	0.0016642	0.00308957	0.00748017	0.00664533	0.00784564	0.0065583	0.00930112	0.00964803	0.012886	0.0126834	0.011426	0.0088266	0.0167855	0.0181126	0.0341439	0.0564633	0.105056	0.107483	0.159988	0.359605
