 	a85	a87	a79	a20	a56	a44	a98	a85	a92	a37	a24	a31	a62	a83	a18	a38	a90	a25	a44	a54	a47	a85	a61	a83	a9	a87	a97	a87	a97	</S>
en	0.0414785	0.0664814	0.0612137	0.0429659	0.034989	0.0404086	0.0236158	0.0234957	0.0174091	0.025571	0.0511803	0.0124687	0.0110369	0.00935537	0.00511729	0.00332578	0.00283343	0.00189368	0.00192778	0.00721388	0.0255158	0.0735785	0.0655049	0.0662962	0.0647105	0.0481213	0.0577476	0.0439632	0.0332149	0.0373655
ville	0.00361544	0.00654118	0.012015	0.0619558	0.069257	0.0822222	0.1054	0.129893	0.161785	0.0710644	0.0250172	0.0147453	0.00610415	0.00592276	0.00451587	0.00401675	0.0101139	0.0174471	0.0304802	0.0568895	0.0127526	0.012916	0.0132159	0.0124934	0.0157574	0.0106514	0.0117763	0.00835241	0.0138988	0.00918439
il	0.0276458	0.0331535	0.0365491	0.023729	0.0355584	0.026894	0.0205915	0.0415835	0.104139	0.150737	0.149415	0.134947	0.0295904	0.0251375	0.01917	0.0124351	0.00859138	0.0121975	0.0100717	0.00543859	0.00614506	0.00342669	0.00594063	0.00738346	0.010249	0.0083634	0.0112036	0.00892297	0.0182621	0.0125273
y	0.03117	0.0142414	0.016143	0.0158995	0.0242853	0.0201791	0.0350796	0.0314561	0.0483492	0.0301012	0.0276085	0.0285065	0.0289394	0.0562023	0.0428499	0.0314852	0.0287741	0.0224859	0.0151296	0.00838265	0.0144646	0.0152032	0.031099	0.0224602	0.0383146	0.0399229	0.0524657	0.0543435	0.0640576	0.1104
a	0.0803712	0.0523794	0.0471869	0.0355272	0.0263133	0.0255262	0.0423329	0.025133	0.0206643	0.0180931	0.0178201	0.0200514	0.0190624	0.0275483	0.0430069	0.0561434	0.0202672	0.0232022	0.0308908	0.0173652	0.0181576	0.0120324	0.0285895	0.0158835	0.0428708	0.0268288	0.0277217	0.0399384	0.0343861	0.104706
de	0.0311566	0.0179663	0.0187816	0.0174233	0.0236448	0.0281661	0.0258066	0.0177225	0.0151867	0.0131346	0.0293619	0.018388	0.017843	0.0224255	0.0202115	0.0253169	0.0205214	0.0232502	0.0227098	0.0258236	0.0353824	0.0646875	0.0589991	0.0399562	0.0649931	0.0477186	0.0458674	0.0474303	0.0493939	0.110731
belles	0.0293859	0.0223575	0.0203563	0.0222357	0.0445114	0.0366379	0.0335873	0.0203445	0.0188016	0.0153311	0.0217945	0.0138152	0.0180166	0.0221303	0.0180564	0.0218861	0.020041	0.0219665	0.0212496	0.0205668	0.034725	0.0423794	0.0419445	0.0360673	0.0435846	0.056425	0.0602417	0.0460649	0.0666722	0.108823
filles	0.036519	0.0289366	0.0221316	0.020465	0.0186259	0.0212435	0.0108447	0.00604888	0.00495653	0.0041059	0.00787842	0.0094759	0.0196475	0.0194475	0.0135563	0.0127634	0.00649203	0.00938049	0.0152939	0.012878	0.0401052	0.083375	0.0712541	0.0740686	0.0637529	0.0740699	0.0967581	0.0500421	0.0700036	0.0758794
</S>	0.0242929	0.00835938	0.00493663	0.00448836	0.00455851	0.00389384	0.00323226	0.00244496	0.00240249	0.00126227	0.00230981	0.0022083	0.00686617	0.0114027	0.0099039	0.0131099	0.00648496	0.0117646	0.00951991	0.0163561	0.0607506	0.0729468	0.0989209	0.0893681	0.0918204	0.0870532	0.101894	0.0854143	0.0922363	0.0697978
