 	a66	a10	a97	a87	a97	a83	a93	a90	a98	a92	a37	a96	a66	a38	a47	a61	a47	a88	a62	a96	a75	a36	a26	a3	a82	a97	a82	</S>
cet	0.117899	0.107215	0.0814501	0.02867	0.0190036	0.0258468	0.0331296	0.029603	0.0320677	0.0344217	0.0154637	0.0163596	0.0149962	0.00873634	0.0100221	0.0109577	0.0131069	0.0146225	0.0214167	0.0215423	0.0166664	0.0134041	0.0292063	0.0360457	0.0452683	0.0473565	0.0340978	0.121425
homme	0.00933311	0.00788798	0.00475141	0.0173628	0.0263238	0.0281118	0.0512124	0.151726	0.220701	0.148369	0.13602	0.0660067	0.0628417	0.0212573	0.0112913	0.00919007	0.00844867	0.00617229	0.00325927	0.0022012	0.000379845	0.000385552	0.000320068	0.000533363	0.000629558	0.00247828	0.00169726	0.00110856
s'	0.0619821	0.0721669	0.0578578	0.060308	0.0427182	0.0863149	0.0614766	0.0276599	0.0328366	0.0256198	0.0144014	0.014954	0.0130355	0.0129886	0.01131	0.00735852	0.00925245	0.0123369	0.0215666	0.0384832	0.0331698	0.0449138	0.0395091	0.0483009	0.037471	0.0374656	0.0451169	0.0294248
est	0.0151198	0.00779361	0.00735805	0.00611854	0.0080259	0.0102731	0.0229116	0.0661086	0.0749334	0.0744151	0.038131	0.0452537	0.0406413	0.0237497	0.0184997	0.0287025	0.0433541	0.0165768	0.0267295	0.0283931	0.0379456	0.0321641	0.0470548	0.0511779	0.044727	0.0448351	0.0523921	0.0866143
initié	0.0141862	0.0170733	0.00995064	0.0139339	0.00748256	0.00966765	0.014276	0.0191423	0.013373	0.0236337	0.051961	0.103555	0.134517	0.190451	0.130006	0.0981341	0.0453242	0.0147148	0.0124572	0.00767044	0.00794132	0.00450446	0.00461355	0.0069571	0.00975561	0.00908715	0.0101148	0.0155164
à	0.0339056	0.0244789	0.0202941	0.0154239	0.0107377	0.0122631	0.00600591	0.00353686	0.00208178	0.00225777	0.00348848	0.00552384	0.00592602	0.00637132	0.0103226	0.0117741	0.0170557	0.0221728	0.0326539	0.0504199	0.0886124	0.083768	0.110796	0.0910845	0.117177	0.0566436	0.0752211	0.0800031
la	0.0186119	0.00923169	0.00818816	0.00653959	0.00573405	0.0078071	0.00739777	0.00749254	0.00669189	0.00729258	0.00655292	0.007059	0.00395307	0.00636038	0.0106283	0.0157426	0.0278178	0.0473396	0.0563234	0.0807841	0.0816529	0.105618	0.0933646	0.0909706	0.0895476	0.0624085	0.0768176	0.0520713
divination	0.0616634	0.0395546	0.0229147	0.0121721	0.00762769	0.0146129	0.010254	0.00682943	0.0067224	0.00763027	0.0133055	0.0149504	0.00687734	0.010561	0.0148884	0.0157299	0.0387574	0.0525574	0.0459486	0.0699219	0.0667619	0.0965638	0.075269	0.0698667	0.079377	0.0406724	0.0528711	0.0451386
</S>	0.0391409	0.0397939	0.0316056	0.0198065	0.00732919	0.00910042	0.0117628	0.0088664	0.00332206	0.0064777	0.00774745	0.00974249	0.00736892	0.00869668	0.0126188	0.0192906	0.0268209	0.0366552	0.0308137	0.0412071	0.0414257	0.0450474	0.0566154	0.0655245	0.0925033	0.0577488	0.0760074	0.18696
