 	a15	a66	a87	a97	a38	a53	a56	a11	a0	a62	a47	a88	a62	a96	a98	a47	a6	a44	a93	a13	a9	a99	a87	a23	a87	</S>
le	0.127199	0.140355	0.130449	0.0612766	0.0508399	0.0468177	0.0318131	0.0203099	0.0113384	0.00989632	0.00630492	0.00593809	0.00559184	0.00819181	0.0112123	0.0152535	0.0357841	0.0372688	0.0464778	0.0440782	0.0379938	0.0258956	0.0173473	0.0255547	0.0140844	0.0327277
cabri	0.00131022	0.0114577	0.0277976	0.0329426	0.0811848	0.130679	0.15219	0.113124	0.190051	0.0659473	0.0335515	0.0287562	0.0455528	0.0208571	0.0270798	0.0147617	0.0086891	0.00361314	0.00191999	0.0028474	0.000510267	0.000750902	0.000737049	0.000981156	0.00183837	0.000868876
qu'	0.0588224	0.0851891	0.099587	0.0839868	0.0864982	0.0770511	0.054989	0.0751183	0.0762624	0.0589503	0.0326118	0.0332935	0.0124199	0.00867987	0.0125217	0.00888272	0.00989482	0.00489329	0.00812066	0.0121775	0.00659007	0.0150703	0.0115729	0.0180672	0.043566	0.00518291
ils	0.172767	0.123352	0.0901141	0.0491422	0.02788	0.0189012	0.0246541	0.0113826	0.0208741	0.0103955	0.0140892	0.0158007	0.0187083	0.0101018	0.0247593	0.0168922	0.0130432	0.0179238	0.020405	0.0317822	0.0472728	0.0413949	0.0274756	0.0462332	0.0335521	0.0711033
ont	0.0446115	0.0274085	0.0182733	0.0147896	0.0201012	0.0275042	0.0389885	0.0331457	0.0485919	0.0461645	0.0603667	0.0452165	0.0336423	0.0130765	0.0127552	0.0394137	0.0281434	0.0292628	0.0242584	0.055436	0.0504176	0.0495235	0.0584889	0.0620284	0.0720413	0.0463502
vendu	0.0725985	0.0463653	0.0306836	0.0138814	0.0138093	0.0138917	0.0186704	0.0193141	0.0407272	0.067356	0.0304551	0.0259762	0.022413	0.0256338	0.0151351	0.0120106	0.0215785	0.0142221	0.00827831	0.0355645	0.0366419	0.0798684	0.0831801	0.0812774	0.0760641	0.0944036
était	0.0316244	0.0160002	0.0121437	0.00517512	0.00635621	0.00920019	0.0106396	0.00890682	0.0149846	0.0112768	0.026126	0.0457723	0.0374195	0.0356213	0.0144686	0.0191395	0.0274636	0.0244164	0.025845	0.0499913	0.0280279	0.0976005	0.107856	0.0778324	0.116432	0.13968
mâle	0.0428876	0.0220119	0.0138522	0.00504271	0.00654184	0.00705722	0.00748366	0.00666109	0.0117956	0.0169454	0.00938253	0.00702658	0.00469659	0.00371428	0.00351841	0.00854452	0.00656906	0.00994234	0.0208489	0.0397574	0.0807719	0.14343	0.147113	0.142672	0.120509	0.111225
</S>	0.0410593	0.0276477	0.018941	0.0109514	0.0133953	0.0136117	0.0103746	0.00988042	0.0115642	0.014394	0.02412	0.0345092	0.0372003	0.0261869	0.0215537	0.0314869	0.0305759	0.0428634	0.0511768	0.0646752	0.0429024	0.0924814	0.102496	0.0802436	0.0724594	0.0732496
