 	a15	a66	a87	a23	a79	a20	a15	a6	a36	a85	a6	a36	a43	a11	a75	a5	a61	a96	a75	a92	a12	a61	a34	a93	a96	a18	a71	a9	a87	a23	a87	a23	a87	</S>
elle	0.0315118	0.0532132	0.043343	0.0479165	0.0475101	0.0722027	0.084706	0.0510807	0.0303031	0.0244928	0.0203709	0.0184717	0.0229851	0.0179766	0.0240922	0.0237096	0.0268854	0.00946055	0.00732701	0.00680046	0.00572081	0.00705695	0.0104373	0.00632087	0.015117	0.00954743	0.0331229	0.0233684	0.0277453	0.0260685	0.0356815	0.0363005	0.0351166	0.0640366
est	0.0388061	0.0264615	0.0166523	0.0221554	0.0265246	0.0281724	0.0357932	0.043071	0.0569659	0.088798	0.0533823	0.0775543	0.0262574	0.0271941	0.0263133	0.0121912	0.0117248	0.0153133	0.0156235	0.0183111	0.0128725	0.0162418	0.0218696	0.020034	0.0283695	0.0211887	0.0183	0.0156914	0.0233527	0.0339437	0.0356523	0.0350504	0.032494	0.0176735
pour	0.0145499	0.00497542	0.00350087	0.00290963	0.00376621	0.00764249	0.0149477	0.0472711	0.0506099	0.0402996	0.0249256	0.0501788	0.0214611	0.030951	0.0423777	0.021487	0.019572	0.00612914	0.00504251	0.00411678	0.00390485	0.00360074	0.004618	0.00826779	0.00884592	0.0126449	0.0121811	0.0432491	0.0771671	0.10928	0.0789006	0.0885576	0.0755943	0.0564733
notre	0.0888646	0.0594112	0.0499396	0.0204073	0.0191595	0.00545841	0.00706079	0.0236461	0.0358971	0.0535213	0.0267825	0.0308437	0.00573234	0.02413	0.0127055	0.0100709	0.012924	0.0132165	0.026054	0.0223695	0.0225174	0.0121243	0.00865996	0.0182172	0.0287949	0.0257119	0.05973	0.0420554	0.0303016	0.0365798	0.029349	0.0385595	0.0300226	0.0691819
père	0.0577436	0.0394471	0.0248247	0.0250812	0.0232818	0.0396054	0.0262403	0.0251097	0.0379101	0.042166	0.0239729	0.0562418	0.0143315	0.0300933	0.0107218	0.0271544	0.0247956	0.0227151	0.0150055	0.0125678	0.0152312	0.0131627	0.013182	0.0175335	0.0171353	0.0163372	0.0290901	0.026232	0.0309585	0.0375147	0.0524076	0.04215	0.0664572	0.0435988
une	0.079657	0.0467301	0.0285991	0.0381651	0.0389536	0.0345835	0.0371418	0.0274561	0.0198285	0.0149753	0.0162813	0.0155866	0.00465787	0.0113855	0.0161316	0.0135828	0.0116239	0.0125182	0.0116802	0.0132546	0.0166158	0.0181688	0.0311909	0.0420409	0.0496102	0.0367166	0.0420856	0.02973	0.0321127	0.0333462	0.0429645	0.0368154	0.0470379	0.0487719
cousine	0.062441	0.0376517	0.0294749	0.0220955	0.0283039	0.0475702	0.0871894	0.116283	0.124078	0.046005	0.0424719	0.0253897	0.00749001	0.0156978	0.0083022	0.00374832	0.00248231	0.00401582	0.00426935	0.00495891	0.00363063	0.00304951	0.0025964	0.00329154	0.00690292	0.00422246	0.0121427	0.0121567	0.0249058	0.0241287	0.0529397	0.0308834	0.0477687	0.0514617
germaine	0.034308	0.0256427	0.0148034	0.0129029	0.0197193	0.0191579	0.0159029	0.0142008	0.0122004	0.00406958	0.00562676	0.00300176	0.00117659	0.00180209	0.00381944	0.00176985	0.00161507	0.00492937	0.00515943	0.00684337	0.00483037	0.00605077	0.00987663	0.0142594	0.0342231	0.0390396	0.0706026	0.0767793	0.0822387	0.0853562	0.0950024	0.0899241	0.0874333	0.0957319
</S>	0.0685868	0.0620445	0.0453751	0.0285904	0.0529771	0.0512006	0.0844279	0.139932	0.134418	0.0498432	0.0375777	0.0290787	0.00528246	0.00931871	0.00857631	0.00280619	0.00161118	0.00247582	0.0024109	0.00576309	0.00331477	0.0044748	0.00827245	0.00852883	0.013844	0.0173306	0.0125144	0.0153602	0.0162128	0.0192086	0.0152338	0.015979	0.0130943	0.0143354
