 	a23	a85	a87	a23	a87	a23	a24	a9	a10	a23	a53	a20	a76	a20	a84	a24	a32	a24	a31	a24	a25	a10	a24	a41	a96	a56	a18	a82	a87	a23	a99	a38	a90	a98	a32	a76	a90	a94	a31	a96	a66	a90	a82	a38	a98	a73	a2	a57	a87	</S>
le	0.0877618	0.0446032	0.0489294	0.0356569	0.032496	0.0172055	0.0103264	0.0189401	0.0252944	0.042626	0.0376012	0.0626234	0.0635169	0.0275576	0.0207907	0.0157998	0.0202027	0.00719931	0.0093026	0.0084631	0.0123197	0.00764501	0.00781985	0.0111964	0.0175725	0.00843987	0.00823656	0.00781914	0.00826154	0.00856984	0.00897274	0.0113239	0.00722916	0.00781277	0.00933312	0.00848486	0.00699608	0.00526364	0.012786	0.0199024	0.00852071	0.0127231	0.00758039	0.0181756	0.0282327	0.0296346	0.0193743	0.0172349	0.00799801	0.0176436
ciel	0.00041503	0.00297541	0.00490122	0.00646559	0.0121914	0.0166757	0.0133657	0.0157438	0.0242698	0.0392649	0.0322597	0.0405027	0.0560269	0.05247	0.0463933	0.0321557	0.026072	0.0127028	0.0196775	0.025561	0.0317967	0.0318101	0.0386277	0.0285995	0.0332287	0.0371788	0.0257697	0.0504359	0.0290662	0.0415016	0.0217861	0.027081	0.0394782	0.0226725	0.0126068	0.00944254	0.00896453	0.00640263	0.0022164	0.00215037	0.00233524	0.0013251	0.00114268	0.00100088	0.00178152	0.00222277	0.00303349	0.00257815	0.00204128	0.00163255
pâlit	0.0116279	0.0123298	0.013677	0.015199	0.0395113	0.0499162	0.0212238	0.0811748	0.0947977	0.0845408	0.0923708	0.0628926	0.0294231	0.0808328	0.0241553	0.0158356	0.00869098	0.0028211	0.00311037	0.00775327	0.00713216	0.00533362	0.00952024	0.0134313	0.0275847	0.00701229	0.00865392	0.0220454	0.0116293	0.0096849	0.00570254	0.0113258	0.00848628	0.00702114	0.00988504	0.00484858	0.00440507	0.00484506	0.00308921	0.00367336	0.00588401	0.00349248	0.00299918	0.00456872	0.00609264	0.00958132	0.00607651	0.00760413	0.00743436	0.00907244
l'	0.0047629	0.0127374	0.0150332	0.0152862	0.00994907	0.0227279	0.0140724	0.0147279	0.0268372	0.0406379	0.0248177	0.0333247	0.0277616	0.0252896	0.0246989	0.0431429	0.0842187	0.0532371	0.0317302	0.0558332	0.0436046	0.0344713	0.0243678	0.0217624	0.0320583	0.0129744	0.0143128	0.0184904	0.00795977	0.0104608	0.0135347	0.0184339	0.0103936	0.0132153	0.0109328	0.012657	0.00889225	0.0101219	0.0111393	0.00598241	0.00175595	0.00287232	0.00372983	0.00511567	0.0102027	0.0142411	0.0123437	0.0098023	0.0101239	0.0132203
aube	0.0090505	0.0238955	0.0280358	0.0162513	0.00783917	0.0106575	0.0118829	0.00543056	0.00722169	0.0107098	0.0118935	0.0149414	0.0147111	0.0126632	0.0212892	0.0278508	0.0242178	0.0376396	0.0267115	0.027096	0.032647	0.0244077	0.027381	0.0385876	0.0257944	0.0223041	0.023866	0.0179553	0.0177502	0.0169921	0.0213176	0.0164843	0.0101856	0.0151037	0.010761	0.0178669	0.012415	0.0233618	0.0135013	0.0164523	0.0189639	0.0172859	0.00605823	0.0136979	0.0186457	0.0367257	0.0145144	0.0455364	0.0402304	0.0332179
va	0.103781	0.0404775	0.0359363	0.0251603	0.0254706	0.0144599	0.0119218	0.00757244	0.00881873	0.0114013	0.0122715	0.0161468	0.0153593	0.0117731	0.0193403	0.0253167	0.0289496	0.0248038	0.0220966	0.0271621	0.0220528	0.0100836	0.0130103	0.0110839	0.0112915	0.00678186	0.00768627	0.00456967	0.0031953	0.00273202	0.00222781	0.00220215	0.00232302	0.00234493	0.00108917	0.0027313	0.00147642	0.00201128	0.00602043	0.0134937	0.00583449	0.0122243	0.0104041	0.0156977	0.0194871	0.0260673	0.022039	0.0463234	0.0884176	0.136878
bientôt	0.0360799	0.0151875	0.0183461	0.0185336	0.0329988	0.0340082	0.0295142	0.0252294	0.0232639	0.0128437	0.0169767	0.0156262	0.0170747	0.00805437	0.0167413	0.0253321	0.0348956	0.0249133	0.011667	0.0135137	0.0167926	0.0114203	0.0125458	0.0125842	0.0174756	0.0129779	0.0241356	0.0215103	0.0113483	0.0200303	0.014868	0.00908968	0.022362	0.0197498	0.00594703	0.00910356	0.00495715	0.00582617	0.00703175	0.00669666	0.0104511	0.0106581	0.00681691	0.00585517	0.00800278	0.016873	0.0385258	0.044672	0.065501	0.095391
venir	0.0239901	0.01455	0.01738	0.0167733	0.028201	0.0258145	0.0216241	0.0207027	0.0232886	0.0222637	0.0336225	0.02973	0.0316341	0.0218215	0.0220044	0.0283989	0.0341349	0.00770014	0.00403908	0.00326623	0.00254225	0.00234154	0.00196223	0.00245908	0.0065252	0.00391394	0.00671104	0.0107115	0.00716781	0.0102818	0.00954256	0.00656298	0.012395	0.0187149	0.0119156	0.00729111	0.00637371	0.0054008	0.00437482	0.00515106	0.00917761	0.00933995	0.0271013	0.0239433	0.0218148	0.032501	0.0430962	0.0628928	0.0730752	0.123779
</S>	0.0172735	0.013604	0.0138122	0.0100165	0.00874717	0.0060061	0.00555015	0.00476433	0.0042627	0.00401235	0.00673742	0.00658213	0.005561	0.00286255	0.00518024	0.0159225	0.0268281	0.0164051	0.0134747	0.0105958	0.00798621	0.01087	0.00913978	0.00855715	0.0153443	0.0143334	0.0203703	0.01642	0.0196919	0.0239866	0.0258296	0.0169377	0.0172621	0.0277546	0.0233782	0.0133101	0.00940315	0.00717701	0.0115448	0.00713303	0.0110712	0.017595	0.0318207	0.0420537	0.0661042	0.0853238	0.0524928	0.0860977	0.0584447	0.0443678
