 	a87	a23	a79	a15	a25	a44	a58	a38	a25	a56	a94	a61	a21	a85	a26	a75	a5	a75	a56	a70	a61	a88	a75	a56	a34	a75	a47	a36	a26	a57	a87	a97	a87	a23	a87	a23	</S>
le	0.0299688	0.0464702	0.0407121	0.0556071	0.0830692	0.0369524	0.0594888	0.0841765	0.0507112	0.0518751	0.0413419	0.0487615	0.0355331	0.0280524	0.0175233	0.0141703	0.00905189	0.00558265	0.0052765	0.00641507	0.0058198	0.00676134	0.00430516	0.00326851	0.00325564	0.00780117	0.0126974	0.0232434	0.0324677	0.0269613	0.0220385	0.0219808	0.017628	0.0163162	0.0122635	0.0124821	0.0199694
véhicule	0.0040749	0.0156919	0.0169319	0.0641139	0.0826257	0.106494	0.114924	0.137017	0.0691153	0.0513661	0.0467387	0.0396669	0.0331744	0.0351543	0.0484039	0.0233036	0.0280282	0.0188164	0.013876	0.0146601	0.00777386	0.00564784	0.00259806	0.00217326	0.00174283	0.00141605	0.00191075	0.00123738	0.00062149	0.0011049	0.00095004	0.000948468	0.000746186	0.000765276	0.00090911	0.00189321	0.00338372
du	0.0257527	0.0230836	0.0265924	0.0273646	0.0424192	0.0673529	0.0917207	0.0903013	0.0711606	0.0542094	0.0589374	0.0707521	0.0551112	0.0484084	0.0399443	0.0231594	0.0203965	0.0124552	0.011569	0.0141026	0.00782089	0.00683298	0.00674951	0.00346809	0.00242023	0.00231627	0.00407424	0.00665121	0.00529541	0.00849877	0.00713149	0.0112176	0.00972227	0.0098888	0.0126415	0.0127521	0.00772524
prêtre	0.0145294	0.00947666	0.00665065	0.015075	0.0215015	0.0521166	0.110165	0.132012	0.100883	0.0938785	0.0448973	0.0360987	0.0217873	0.0188179	0.0181774	0.0128774	0.0185576	0.0225796	0.0399364	0.0544296	0.021891	0.0297521	0.012392	0.00518108	0.00225285	0.0020439	0.00209074	0.00384403	0.00460732	0.00499696	0.00764208	0.00680129	0.0090302	0.0101601	0.0139007	0.00987569	0.0090897
est	0.0279126	0.0240336	0.0297964	0.0254599	0.0181264	0.0200788	0.0257238	0.0239343	0.0333535	0.027481	0.0547278	0.0996693	0.104182	0.0569822	0.0471552	0.0406356	0.0312599	0.01754	0.0168952	0.0258324	0.0159643	0.0135474	0.0130849	0.00965247	0.00716588	0.0137014	0.0160769	0.00982215	0.00864924	0.00924081	0.00856127	0.0130899	0.0156338	0.0136021	0.021355	0.0326532	0.0274191
tombé	0.0250814	0.0164951	0.0168124	0.0139115	0.0206321	0.0272204	0.0210904	0.0270866	0.0214181	0.0127911	0.0166204	0.0264068	0.0350066	0.0279737	0.0350759	0.0384155	0.0427921	0.0396284	0.0443771	0.0628503	0.0338306	0.0286224	0.0249174	0.0163357	0.0134466	0.0207866	0.0272591	0.0302923	0.0191977	0.02206	0.0221145	0.0225005	0.0233006	0.0213563	0.037869	0.0358302	0.0285946
en	0.0350647	0.0288533	0.0258257	0.0154429	0.0236743	0.0323383	0.0305914	0.0330744	0.021638	0.0185375	0.0257534	0.0266099	0.0323283	0.0278778	0.0316193	0.0169685	0.00863883	0.00475837	0.00469326	0.00837951	0.00508728	0.00485129	0.00484822	0.00750971	0.00985626	0.0199013	0.031961	0.0367337	0.0326842	0.0415344	0.0306322	0.0367682	0.0352783	0.036845	0.0644432	0.0807354	0.0676626
panne	0.0287918	0.0187655	0.0169729	0.0152045	0.0177857	0.024503	0.0202871	0.029089	0.0275217	0.0192937	0.0315505	0.0420039	0.0480323	0.0410654	0.0435355	0.0255996	0.0155014	0.00830586	0.0107906	0.0131079	0.00651015	0.0166906	0.0206429	0.0152299	0.0161123	0.0169269	0.0216194	0.0206507	0.0194754	0.0207055	0.023966	0.0253811	0.03335	0.04117	0.0611548	0.0653951	0.0773111
</S>	0.02332	0.0150307	0.0156678	0.0132186	0.0290159	0.0544682	0.048583	0.0410264	0.0375534	0.0263043	0.024387	0.0162332	0.0153344	0.0138018	0.0159855	0.00648366	0.00421954	0.00241423	0.00277765	0.008761	0.00284802	0.00513405	0.00465867	0.00454461	0.00938275	0.01209	0.0202921	0.0270159	0.0270022	0.0278235	0.0299795	0.0378423	0.0462082	0.0583109	0.10018	0.100228	0.0718732
