 	a23	a87	a23	a87	a23	a87	a23	a50	a83	a9	a54	a30	a41	a24	a25	a38	a75	a41	a61	a26	a24	a94	a76	a25	a56	a75	a41	a61	a31	a24	a9	a62	a47	a83	a24	a62	a26	a24	a83	a9	a99	a87	</S>
l'	0.0879227	0.0959323	0.0488135	0.0470376	0.0458034	0.0465318	0.0240818	0.0136124	0.00909989	0.0130558	0.0184535	0.0386995	0.0247168	0.0147962	0.0148863	0.0316821	0.0187586	0.0150993	0.0178055	0.0173107	0.0146903	0.0135402	0.0206308	0.0275447	0.017058	0.0471574	0.0298101	0.0183486	0.014062	0.0190918	0.00603912	0.00657938	0.00339504	0.0078823	0.00769059	0.00638858	0.00378491	0.00966291	0.00690266	0.0108298	0.0121131	0.0136649	0.0390328
homme	0.00368708	0.00691433	0.0110607	0.0151639	0.0660696	0.0535239	0.0422248	0.039344	0.0338706	0.0476689	0.0327118	0.038104	0.0491862	0.0875608	0.0385913	0.0727093	0.0498779	0.0693704	0.0437366	0.018376	0.0143134	0.00679566	0.0225756	0.0228801	0.0165196	0.0228386	0.0122593	0.0122566	0.00790154	0.00775166	0.00642134	0.0100432	0.0016484	0.0012433	0.00123375	0.000611223	0.00123335	0.000781616	0.0012452	0.00176078	0.00220492	0.00212157	0.00360718
met	0.0196409	0.0195434	0.0252553	0.0179963	0.00911384	0.0111919	0.0109683	0.0112406	0.0208445	0.0161341	0.0204234	0.041192	0.0338798	0.0332592	0.0143189	0.0267749	0.0461203	0.0265859	0.052345	0.0384514	0.0400639	0.0362809	0.0213901	0.0137099	0.0182877	0.0141627	0.0117578	0.0126487	0.010366	0.00725803	0.0045093	0.00445531	0.00394212	0.00819114	0.00933765	0.0080375	0.00761696	0.0197773	0.0175194	0.0408838	0.0783011	0.0490866	0.0671365
un	0.0142921	0.0164903	0.0125037	0.0112901	0.00531117	0.00601341	0.00555109	0.00469613	0.014526	0.00954759	0.0126834	0.0149817	0.0146219	0.0243511	0.0102433	0.0116354	0.00985974	0.014039	0.0118335	0.0204817	0.0316109	0.0198935	0.017031	0.0133056	0.0226871	0.0103487	0.0217384	0.0384415	0.0675606	0.0389813	0.0422425	0.0208351	0.0158434	0.032749	0.0287769	0.0277478	0.0229743	0.0383802	0.0231357	0.0313389	0.0500959	0.03147	0.107859
bouchon	0.0550134	0.0467048	0.052266	0.0586209	0.0574957	0.054378	0.0469115	0.0408001	0.0179727	0.018144	0.0209266	0.0100287	0.00576906	0.00691786	0.00607496	0.00449955	0.00235868	0.0050321	0.00428502	0.0126633	0.0224441	0.0362591	0.028014	0.0262268	0.0324391	0.0296477	0.017338	0.0154367	0.0144264	0.0230261	0.0131269	0.00860132	0.00467536	0.00968388	0.00828821	0.00872726	0.00834145	0.0123211	0.0126212	0.0307767	0.0339861	0.0397498	0.0369801
sur	0.0442579	0.0219252	0.0176216	0.016797	0.0144079	0.0177987	0.0156685	0.0116218	0.00991722	0.00688724	0.00549892	0.00354496	0.00476275	0.00644438	0.0068989	0.00356976	0.00266267	0.0048504	0.00456664	0.00801616	0.00784467	0.00804555	0.00641956	0.0097879	0.0201518	0.0187977	0.0133888	0.0128127	0.00658277	0.00983491	0.0152292	0.0187833	0.020116	0.0178313	0.0250302	0.0229846	0.04129	0.0532469	0.0566665	0.107506	0.073185	0.087583	0.119163
la	0.0532329	0.0275416	0.0278924	0.0181832	0.00786802	0.00895425	0.0082994	0.00773276	0.0101846	0.00451266	0.00299339	0.00761737	0.00486642	0.00633571	0.0033936	0.00421364	0.00349405	0.00350537	0.00530313	0.00601577	0.0111318	0.013081	0.0102654	0.0121448	0.0249782	0.0321268	0.0106527	0.00755397	0.00696429	0.00671931	0.0131677	0.0143499	0.0143736	0.0125641	0.0292095	0.0358809	0.0312566	0.0380337	0.0545885	0.0723847	0.0945921	0.0831027	0.148738
bouteille	0.0190197	0.0165744	0.0148972	0.00923959	0.0055266	0.00670136	0.00478697	0.0038623	0.00592067	0.00395917	0.00139908	0.00445567	0.00393713	0.00410783	0.00409387	0.0202044	0.0154214	0.0191558	0.0323432	0.0488428	0.0691494	0.0542804	0.0646927	0.0486761	0.0247097	0.0326417	0.0276361	0.0197199	0.0186533	0.0205081	0.01325	0.0137912	0.0062015	0.0108819	0.00963373	0.00857251	0.0114298	0.0221128	0.0237155	0.0703428	0.0713746	0.0686346	0.0449427
</S>	0.0472271	0.0409279	0.0271821	0.00722562	0.00575701	0.00814332	0.00485122	0.00433687	0.00363618	0.00264961	0.00173105	0.00452827	0.00196343	0.00196288	0.00366031	0.00820817	0.00855985	0.00839398	0.00987091	0.0222543	0.0231586	0.0326508	0.0367266	0.0363644	0.0304701	0.0439247	0.0468207	0.0240069	0.0137466	0.0142462	0.00894488	0.0107219	0.0147468	0.0197782	0.0182698	0.0184147	0.0404312	0.058116	0.0408301	0.0526557	0.0619684	0.0468554	0.083081
