 	a66	a87	a10	a87	a23	a3	a97	a99	a97	a87	a23	a99	a54	a92	a37	a98	a79	a44	a15	a98	a6	a36	a61	a47	a62	a61	a21	a85	a47	a36	a2	a57	a87	a23	a87	</S>
ces	0.0522849	0.0354077	0.0228078	0.0140683	0.0198725	0.0115333	0.0163662	0.00951457	0.0177721	0.0214325	0.0241183	0.0252864	0.0254728	0.0233528	0.0181745	0.0423811	0.0486097	0.0774837	0.0342849	0.0179151	0.0103432	0.0051994	0.0113357	0.0091181	0.0202936	0.0145851	0.0149512	0.0244907	0.0377912	0.0318491	0.0371095	0.0447074	0.0279766	0.0349384	0.0370191	0.0801523
gens-ci	0.00247749	0.00206708	0.00182747	0.0024061	0.0034878	0.00346065	0.00567869	0.00423177	0.00740428	0.0109634	0.0153173	0.0146136	0.0248129	0.0389763	0.0359436	0.0984389	0.0794472	0.146002	0.085608	0.0673262	0.106093	0.0528748	0.0779533	0.0175786	0.0094146	0.00431472	0.00825876	0.00289283	0.0109134	0.00742004	0.00706107	0.0082863	0.00844577	0.00662307	0.0172536	0.00412586
sont	0.0357916	0.0303615	0.0253306	0.0238978	0.0337428	0.0303794	0.0298637	0.0344617	0.03855	0.0315654	0.0270339	0.0247485	0.0286745	0.0206129	0.040888	0.0417444	0.0483026	0.0493564	0.048432	0.0433413	0.0638448	0.0418615	0.0397038	0.033416	0.00973203	0.00430909	0.00926581	0.00576463	0.00977067	0.00810279	0.00836672	0.0131038	0.015356	0.0110274	0.027189	0.0121071
en	0.0241152	0.0244997	0.0147371	0.0149416	0.0213606	0.0112333	0.0165	0.0129042	0.0172267	0.0173721	0.0249073	0.0280773	0.0295523	0.0316072	0.0306133	0.0241761	0.0178743	0.00753805	0.0146323	0.0246142	0.0345076	0.0514144	0.0615375	0.0564959	0.0372565	0.0259852	0.0335502	0.0398567	0.0500944	0.0435012	0.0371186	0.0307218	0.0255625	0.0225925	0.0225714	0.018751
train	0.0418193	0.0411375	0.0268659	0.0276756	0.0359693	0.0272944	0.0270289	0.0248542	0.0214284	0.0162668	0.0104549	0.0164203	0.00922845	0.010657	0.0130803	0.00951524	0.013204	0.00527419	0.0125836	0.0168047	0.0475559	0.0474497	0.0437644	0.1047	0.0640096	0.0422742	0.0271194	0.0170638	0.0363196	0.0216961	0.0202539	0.0173221	0.0220704	0.025411	0.0243896	0.0310378
de	0.0476406	0.0333246	0.0332524	0.0263079	0.0209717	0.024784	0.0197258	0.0217438	0.0243801	0.0160878	0.0152444	0.0103975	0.010213	0.0106151	0.014573	0.01449	0.0153822	0.00984314	0.0208023	0.0148946	0.015505	0.0200222	0.017224	0.0237994	0.015101	0.0284861	0.0350866	0.0324128	0.0544406	0.0567564	0.0633814	0.0432597	0.0473679	0.0458302	0.0392253	0.0574275
se	0.0146218	0.0180558	0.0221922	0.0288842	0.0300003	0.0306199	0.0281119	0.024332	0.0280966	0.0207902	0.0182483	0.0172777	0.0177182	0.0192536	0.0222017	0.0323794	0.0281759	0.0273744	0.0657367	0.0463269	0.0398514	0.0475207	0.0449488	0.0260554	0.0310479	0.0157713	0.0184597	0.0222275	0.0366518	0.0297622	0.0272499	0.0302084	0.0268033	0.0187998	0.0220967	0.0221473
taquiner	0.0122766	0.0123942	0.0179626	0.0192779	0.0199373	0.018747	0.0185676	0.01944	0.0190108	0.0169646	0.0116867	0.010949	0.00932028	0.00755733	0.00695015	0.00697581	0.00722408	0.00818122	0.0189911	0.0279902	0.044617	0.0453159	0.0448396	0.0411076	0.0444986	0.0440027	0.0400007	0.0441541	0.0901741	0.0454532	0.058724	0.0394524	0.0392592	0.0254532	0.0295074	0.033036
</S>	0.0295388	0.0279035	0.0297512	0.0226785	0.0179052	0.0191506	0.0169156	0.0150186	0.0123263	0.0118816	0.00852049	0.00623986	0.00540005	0.00553911	0.0046935	0.00440449	0.00478611	0.00549434	0.0089774	0.0144193	0.020951	0.0170573	0.017591	0.0202357	0.0275298	0.0455861	0.0599713	0.0578409	0.0781266	0.0536033	0.0667523	0.0557379	0.05354	0.0455535	0.0482762	0.0601024
