 	a23	a87	a23	a83	a62	a41	a30	a73	a44	a27	a11	a94	a35	a90	a38	a90	a92	a21	a41	a32	a71	a38	a21	a34	a21	a43	a11	a21	a41	a35	a66	a54	a14	a73	a57	a87	</S>
la	0.0579917	0.0545964	0.0734764	0.0398966	0.0175979	0.0187379	0.0144014	0.0165918	0.0161909	0.0194497	0.024859	0.0182513	0.0160692	0.0158613	0.0254993	0.0261821	0.021515	0.0251791	0.0214949	0.0262981	0.0128772	0.011462	0.0113543	0.0131916	0.0104335	0.00991222	0.0104693	0.0154974	0.0459139	0.0416632	0.0353887	0.0385196	0.0588137	0.0352772	0.0397248	0.0233784	0.0359828
maison	0.00107925	0.00848862	0.00495223	0.0071014	0.0357286	0.0406483	0.03826	0.0225639	0.0144319	0.0389143	0.0521885	0.0678478	0.0710437	0.0544112	0.0735593	0.0693121	0.0633789	0.0582799	0.0806451	0.0873072	0.024715	0.0182854	0.0142401	0.0103061	0.0121177	0.00831157	0.00404393	0.0039105	0.00109721	0.00165663	0.00192345	0.00119615	0.00228255	0.00136513	0.00145246	0.0016154	0.0013384
sur	0.0409984	0.0851171	0.051111	0.0462736	0.0761293	0.0672245	0.0458357	0.0403385	0.0189498	0.0221027	0.0325284	0.0223291	0.0581119	0.0342378	0.0246748	0.064242	0.0307633	0.0687542	0.0304075	0.0371558	0.00494143	0.00334481	0.00360849	0.00597154	0.00447118	0.00356489	0.00414756	0.00517333	0.00457118	0.00583024	0.00761374	0.00495797	0.00847891	0.00969019	0.00934624	0.00798327	0.00901968
pilotis	0.0197958	0.0231075	0.0249548	0.0276575	0.0273869	0.0250733	0.0610941	0.0480375	0.0285245	0.0327277	0.039111	0.0575371	0.0530806	0.0594677	0.0429129	0.0560739	0.0818304	0.0364637	0.0462158	0.0196329	0.0314803	0.021016	0.0226088	0.0287436	0.0126564	0.0102885	0.00303946	0.00332791	0.00410049	0.00433443	0.00412151	0.0027522	0.00477776	0.00616868	0.006947	0.00985365	0.0130977
avance	0.0388483	0.0221435	0.047215	0.0616948	0.0486398	0.0374714	0.0268909	0.0428393	0.0215098	0.0235331	0.0223793	0.0387735	0.0324944	0.0427117	0.0211756	0.0291948	0.0503631	0.0210112	0.0164565	0.0156301	0.0436614	0.0511988	0.0427523	0.0262783	0.0228136	0.0130616	0.0170762	0.0139516	0.0124035	0.0115905	0.0107215	0.00731709	0.0123127	0.00934998	0.014884	0.0127569	0.0168941
sur	0.0440204	0.0353839	0.03916	0.0514165	0.0646209	0.0400683	0.032237	0.0408053	0.0348592	0.0220906	0.0567762	0.0414462	0.0778628	0.0518204	0.0223567	0.029888	0.0204888	0.0163471	0.0135257	0.0100785	0.0314913	0.0328242	0.0133498	0.0145871	0.0131244	0.0114965	0.0204016	0.0169953	0.0179249	0.0103688	0.0108309	0.00753065	0.00999292	0.0126143	0.0100973	0.0085272	0.0125903
le	0.0380587	0.0234452	0.0187723	0.0134227	0.0141732	0.00933272	0.00748872	0.00635743	0.00405342	0.00466606	0.00749801	0.00968849	0.0149554	0.013273	0.00693841	0.00871745	0.00824736	0.00818372	0.00575706	0.00596376	0.0133404	0.0138469	0.0085434	0.0116229	0.0111913	0.0142538	0.0269698	0.0326709	0.0566024	0.0771881	0.0705989	0.0778595	0.0609135	0.088394	0.0625296	0.0548431	0.0896385
fleuve	0.0112462	0.00925857	0.0114024	0.0115086	0.00991654	0.00841612	0.00763917	0.010415	0.00644875	0.00845049	0.00972767	0.0179607	0.0416224	0.0428631	0.0275132	0.0744263	0.0717641	0.11081	0.085852	0.102755	0.0474364	0.0326725	0.0326141	0.0281421	0.012006	0.0147857	0.0222525	0.0185479	0.0101703	0.0127041	0.0153739	0.00995192	0.00885139	0.0094982	0.0159233	0.0102818	0.0187914
</S>	0.0510169	0.0338291	0.0234704	0.00905211	0.00855754	0.00536726	0.00336502	0.00332621	0.00144204	0.00309014	0.00213575	0.002146	0.00547382	0.00424222	0.00265479	0.00415379	0.00437086	0.00664864	0.0042608	0.00715134	0.00198925	0.00168134	0.00133119	0.00169277	0.00162218	0.00309339	0.0101974	0.0200071	0.0513653	0.0595135	0.0704866	0.0814808	0.0543047	0.0864969	0.0909845	0.0811882	0.19681
