 	a66	a87	a23	a87	a23	a87	a23	a87	a23	a18	a30	a53	a69	a93	a70	a11	a43	a54	a73	a69	a4	a69	a93	a70	a4	a57	a82	a3	a10	a87	a23	a87	a23	a10	a87	</S>
sa	0.0398749	0.0437837	0.0366227	0.0401214	0.0540624	0.0635114	0.0981866	0.0644311	0.0703473	0.0566463	0.0409733	0.0290721	0.0494476	0.0160236	0.0128225	0.0118381	0.0143609	0.0189597	0.0138432	0.0114851	0.020531	0.0100369	0.00955215	0.0125654	0.0137841	0.0122555	0.0173278	0.0144598	0.0128169	0.0112579	0.0102866	0.00975308	0.00968313	0.0122213	0.00994135	0.027113
mère	0.00674058	0.00712414	0.00670961	0.012302	0.0240191	0.0768194	0.0897802	0.114916	0.128408	0.0951836	0.0584117	0.091322	0.0726995	0.0479363	0.0387949	0.0228199	0.0185048	0.0216639	0.014967	0.0117842	0.00456878	0.00620735	0.00335849	0.00427674	0.00233568	0.00214515	0.0023488	0.00136715	0.00079688	0.0014425	0.00137207	0.00114106	0.00124661	0.00160315	0.00260956	0.0022732
l'	0.0582343	0.0269433	0.0203738	0.0270038	0.0241944	0.0249915	0.0207907	0.020686	0.0210249	0.0208545	0.0225277	0.0322449	0.0365386	0.0407085	0.0362845	0.0284882	0.0345863	0.0630174	0.0532666	0.0396128	0.0271415	0.0237646	0.0227019	0.0229666	0.0126766	0.00926308	0.0109534	0.00871524	0.00778101	0.021535	0.0267599	0.0217504	0.0378369	0.0291794	0.0417809	0.0228207
a	0.0144934	0.0136511	0.0134648	0.00902299	0.00734066	0.0092957	0.0113752	0.0202101	0.0184586	0.041009	0.0377409	0.059685	0.0310204	0.0426761	0.0551722	0.0606166	0.0561105	0.107527	0.102644	0.0769085	0.0247411	0.019782	0.0118664	0.0118519	0.00462898	0.00506332	0.00607982	0.00574476	0.00796412	0.0100357	0.0125618	0.0129124	0.0141269	0.0155534	0.017172	0.0314933
habitué	0.0267615	0.0277904	0.0195679	0.024791	0.0285478	0.0270112	0.0413049	0.0340783	0.0286851	0.0600879	0.033	0.0276276	0.0213497	0.0341964	0.0518828	0.0878763	0.0727327	0.0700603	0.0492283	0.0428375	0.0136702	0.00888854	0.00453842	0.00472348	0.00268063	0.00521853	0.0064236	0.00504574	0.00689651	0.00711226	0.00946505	0.0111546	0.0148866	0.0234667	0.0265318	0.0398799
à	0.0432729	0.0366363	0.0259966	0.0193845	0.0159221	0.0144369	0.0162618	0.0151082	0.0155521	0.0201945	0.0244012	0.0130577	0.0166434	0.00943811	0.0176953	0.0191072	0.0106616	0.0102458	0.00990919	0.0192031	0.0447059	0.017357	0.0311785	0.0240046	0.0255412	0.0311583	0.0284501	0.0376774	0.0464026	0.0376845	0.0401161	0.0464418	0.0438081	0.0418931	0.0589243	0.0715282
l'	0.0289418	0.0184899	0.0157856	0.0145392	0.0119746	0.0132022	0.0116053	0.00955727	0.00885679	0.0126509	0.0102388	0.00990687	0.00936146	0.00757486	0.0108318	0.010241	0.00856139	0.0127005	0.0119621	0.0223623	0.0297782	0.0252933	0.0391723	0.0495623	0.0362531	0.0394458	0.0383063	0.0446013	0.0494174	0.0570407	0.0527756	0.0524812	0.059553	0.0452826	0.0548303	0.066862
argent	0.0402272	0.0298236	0.0196157	0.0141633	0.0126187	0.0127951	0.0100485	0.0100591	0.00891267	0.00922675	0.0115704	0.0121992	0.011464	0.0147155	0.0131705	0.0163726	0.0162152	0.0167781	0.0120633	0.0221985	0.0272634	0.0130378	0.0236422	0.0205437	0.0185601	0.0207393	0.0260456	0.0344058	0.0376937	0.0420261	0.0591921	0.0619807	0.0793786	0.0701688	0.0916805	0.0594038
</S>	0.0587929	0.039465	0.0244924	0.0219558	0.0162772	0.0131375	0.00942425	0.00827636	0.00700793	0.00960265	0.00963702	0.00570561	0.00585946	0.00856611	0.00792305	0.00499193	0.00391894	0.00518706	0.0049593	0.006514	0.00796637	0.00274426	0.00813032	0.00657911	0.00598326	0.0244769	0.0349262	0.0373221	0.0507705	0.0489289	0.0728338	0.0750436	0.0952221	0.0892067	0.0883804	0.0797907
