 	a66	a87	a23	a40	a15	a54	a47	a6	a36	a37	a61	a37	a38	a11	a96	a34	a75	a92	a56	a75	a56	a92	a37	a36	a2	a57	a87	a23	a97	a99	a97	</S>
en	0.0370525	0.0626164	0.0791363	0.0767119	0.0859238	0.0669834	0.0450125	0.029413	0.0224084	0.00846937	0.0109114	0.00930613	0.00322101	0.00355819	0.00299624	0.00350795	0.00732398	0.0158689	0.0165198	0.0350215	0.0215562	0.0247506	0.0226189	0.035894	0.023347	0.0315458	0.0368205	0.025235	0.0378684	0.0352365	0.0271049	0.0560593
tre	0.00291206	0.0052006	0.0136918	0.0350368	0.0785019	0.13908	0.145476	0.147653	0.138174	0.0889966	0.0730608	0.0470778	0.0228525	0.0125059	0.00759165	0.00266118	0.00191767	0.00245991	0.00260009	0.00202158	0.00337347	0.00271434	0.0015288	0.00212435	0.00183432	0.00227656	0.00229493	0.00247649	0.00352022	0.00243795	0.00273424	0.00321139
eux	0.0688957	0.0653522	0.102481	0.0989571	0.0412171	0.0443235	0.048212	0.0345946	0.0370728	0.0112251	0.0097788	0.00756479	0.00724299	0.0120858	0.0115651	0.0182661	0.0311934	0.0192772	0.00824154	0.017396	0.0179757	0.0186546	0.0158855	0.0231051	0.0219636	0.0200457	0.0200873	0.0161638	0.0363899	0.0259374	0.0509054	0.0379433
une	0.0453891	0.032894	0.0165461	0.0120046	0.0104964	0.00577118	0.00641646	0.0043479	0.00767344	0.0144796	0.0146825	0.0107457	0.00669958	0.00866429	0.0150361	0.0355205	0.0990818	0.0558663	0.0477736	0.0305964	0.0261307	0.0206012	0.0231393	0.0633337	0.0327101	0.0271006	0.0304961	0.0584454	0.0609241	0.0791626	0.0642513	0.0330195
mouche	0.0779524	0.0450825	0.00798464	0.00782687	0.00490186	0.00299886	0.0019161	0.00157313	0.00171121	0.0031212	0.0050569	0.00669864	0.00894236	0.0134687	0.0119946	0.0296896	0.0282946	0.0298022	0.0176406	0.0321929	0.0292164	0.0215183	0.0165975	0.0468644	0.0302337	0.0309483	0.0560557	0.0680377	0.0637773	0.0854889	0.0826632	0.129749
ne	0.0506282	0.0370929	0.021421	0.00981273	0.00848064	0.00633892	0.00449655	0.00384304	0.004799	0.0152012	0.019373	0.0248144	0.0391037	0.0278998	0.0163742	0.0284341	0.0230718	0.0382456	0.0343576	0.026792	0.026974	0.0366316	0.0356158	0.0489321	0.0542967	0.0523876	0.0672823	0.0399315	0.0413638	0.0441394	0.044876	0.066989
peut	0.0383187	0.032031	0.019754	0.0146791	0.00790368	0.00587172	0.00756848	0.0103932	0.0122326	0.022848	0.0338312	0.0349252	0.0576669	0.0545161	0.0353822	0.040256	0.0287513	0.0337207	0.0307406	0.0206237	0.0364813	0.0429807	0.0479227	0.0419107	0.0618775	0.0484877	0.0401807	0.027061	0.0265733	0.0257578	0.0276614	0.0310909
traverser	0.0816856	0.0753384	0.0577362	0.0952673	0.068143	0.0546155	0.0300147	0.0137154	0.00790745	0.00795479	0.0089891	0.00808307	0.0100893	0.0123263	0.00806538	0.007757	0.0127726	0.0206511	0.0225156	0.0258954	0.026214	0.0244408	0.0260652	0.0284605	0.0339856	0.0313724	0.0276568	0.0269411	0.02901	0.0424393	0.0274912	0.0464
</S>	0.030747	0.0164156	0.00674523	0.00269531	0.00159887	0.00110948	0.000396486	0.000437587	0.000211634	0.000500585	0.000682949	0.00102332	0.000981625	0.0018143	0.00143274	0.00204543	0.00394178	0.0117038	0.0100304	0.0207311	0.0347102	0.0454331	0.0353185	0.078815	0.0819346	0.104391	0.105077	0.0838745	0.0906467	0.0774039	0.0794812	0.0676688
