 	a66	a87	a23	a30	a93	a94	a43	a56	a93	a56	a62	a70	a90	a98	a56	a75	a92	a37	a21	a47	a62	a34	a56	a93	a70	a11	a93	a4	a13	a44	a54	a36	a2	a57	a87	a23	a99	a97	</S>
tu	0.0357194	0.058281	0.103826	0.0842429	0.0436659	0.0462111	0.0661416	0.0335752	0.0384728	0.0264906	0.017806	0.016025	0.0119139	0.0141347	0.0147153	0.0103421	0.0092969	0.00718668	0.00685353	0.00678538	0.00683944	0.00509416	0.00658808	0.00815726	0.00714073	0.00645211	0.00707473	0.00808221	0.0201087	0.027698	0.0275003	0.0342051	0.0294287	0.0297944	0.0264927	0.0243709	0.0214034	0.0166191	0.0352638
n'	0.0528044	0.0221808	0.011414	0.0126672	0.0255572	0.0301737	0.0274188	0.0179874	0.0328086	0.0402657	0.019069	0.0179582	0.0322957	0.0232007	0.0236062	0.0100443	0.0187582	0.0154849	0.0134213	0.030492	0.020607	0.0130991	0.0241229	0.0276727	0.0283862	0.0287074	0.032599	0.029537	0.0342847	0.0336365	0.0267973	0.0250871	0.0288881	0.0245485	0.0323948	0.0285596	0.0296183	0.0325491	0.0212963
es	0.0643475	0.0284787	0.0165122	0.0185111	0.0445598	0.0713425	0.0313277	0.033686	0.0339435	0.0496288	0.0211167	0.0160097	0.0308313	0.0165846	0.0123022	0.00415612	0.0109265	0.00670118	0.00374506	0.0123659	0.0106348	0.0085568	0.0056625	0.0119396	0.00445211	0.00555603	0.00332412	0.00389681	0.00884276	0.0167277	0.0225767	0.0271369	0.0411746	0.0436557	0.0386347	0.0458927	0.0456843	0.0631311	0.0654433
pas	0.079675	0.0877394	0.0651112	0.0406533	0.0235336	0.0304588	0.0213174	0.0195131	0.0145211	0.0133029	0.0150638	0.0104717	0.0201733	0.0174425	0.0168804	0.0116357	0.0182584	0.0132509	0.0158805	0.0262676	0.0138448	0.0161947	0.0223146	0.0135782	0.0130414	0.0171905	0.0218096	0.0223498	0.0239783	0.0196504	0.0165499	0.0104747	0.0247429	0.0230959	0.0298683	0.0244767	0.0284107	0.0322942	0.0649838
le	0.0484861	0.0306897	0.0292563	0.0266073	0.0295779	0.0305786	0.0310686	0.0345183	0.0279286	0.031876	0.0242762	0.0153442	0.0189444	0.011591	0.0117948	0.0108641	0.0116078	0.00619135	0.00555007	0.00680471	0.00586517	0.00534989	0.0170989	0.0150794	0.012338	0.0268324	0.0207727	0.0184428	0.059412	0.0297381	0.0212183	0.025504	0.0488304	0.0503533	0.0424234	0.0323609	0.040098	0.0343486	0.050378
seul	0.0271488	0.0180092	0.0185444	0.02077	0.0243691	0.0447942	0.0375513	0.0767854	0.0571074	0.0635506	0.0621229	0.0509842	0.0584533	0.0422622	0.0476586	0.0327679	0.0366461	0.0263542	0.0247373	0.0174972	0.00952164	0.00725334	0.00792309	0.00730042	0.00505955	0.00619483	0.00414921	0.00643124	0.00869293	0.0141535	0.0197302	0.0227608	0.014636	0.0160818	0.0143425	0.0141631	0.0108835	0.00959683	0.0130111
à	0.199947	0.056723	0.0375111	0.0268492	0.0201519	0.0169921	0.0174619	0.0119671	0.0109061	0.0134707	0.0133185	0.0177674	0.0163834	0.0115791	0.0112966	0.00561216	0.00698718	0.00731042	0.00478611	0.0087963	0.014541	0.0058499	0.0305152	0.0387658	0.0298131	0.0293851	0.033748	0.030566	0.0404565	0.0239255	0.0154416	0.0190272	0.0140849	0.0242221	0.0336539	0.0264783	0.02731	0.0282748	0.0181241
t'	0.0629839	0.0259076	0.0106421	0.00770187	0.00514095	0.00601786	0.00545158	0.00480984	0.00534103	0.00591915	0.00558514	0.00607211	0.0126964	0.0123714	0.0128819	0.00714079	0.0100506	0.00973141	0.00733044	0.0090314	0.0159721	0.0148215	0.0391728	0.0391249	0.0388617	0.04035	0.0716068	0.0559312	0.0477848	0.0434543	0.0329796	0.0329186	0.0377792	0.0479666	0.0630033	0.0418775	0.0441859	0.0423002	0.0171015
abriter	0.0510616	0.038003	0.0322176	0.0241584	0.0181975	0.0173091	0.0168546	0.01772	0.0159525	0.0166512	0.0203932	0.0191783	0.0208891	0.0176617	0.0175432	0.013475	0.0184036	0.0161978	0.0163607	0.0234942	0.0273712	0.0182984	0.0136583	0.0144659	0.0133165	0.0128436	0.016728	0.0113572	0.0108782	0.00880985	0.0131194	0.0244853	0.0427233	0.0439775	0.0438497	0.0657028	0.048489	0.0632229	0.0749805
de	0.0687398	0.0442274	0.0173997	0.0136715	0.0152185	0.0207394	0.0208378	0.0171862	0.0234285	0.0277707	0.0164374	0.0107769	0.0188426	0.0073966	0.00933799	0.00482181	0.010241	0.00384271	0.00610663	0.0155767	0.0120721	0.00506603	0.0085796	0.0125471	0.0131691	0.00915815	0.011068	0.0103512	0.0253114	0.0193696	0.0268716	0.0612356	0.0285268	0.0721856	0.0597989	0.0573876	0.0659803	0.0447128	0.0840085
la	0.046602	0.018818	0.00702572	0.00423523	0.00336039	0.00398526	0.00405643	0.00449243	0.00486758	0.00706256	0.00492264	0.00349575	0.00535423	0.00282679	0.00314798	0.00247695	0.00244354	0.00181705	0.00233971	0.00489798	0.00481102	0.00235004	0.00581031	0.00917918	0.0083807	0.00797037	0.0187255	0.0145597	0.0405386	0.0313847	0.0419274	0.0590115	0.0487158	0.118533	0.0704928	0.0940494	0.113865	0.0777165	0.0937495
pluie	0.00964294	0.00670545	0.00641455	0.00435322	0.00528453	0.00498162	0.00537511	0.00594697	0.004868	0.00590434	0.00738412	0.0061927	0.00740414	0.00550698	0.00523851	0.00584309	0.0060298	0.00582542	0.00517936	0.0105148	0.0126333	0.00756236	0.00878504	0.0118754	0.00616763	0.00895024	0.0171014	0.0128044	0.034159	0.0450675	0.0411306	0.0592327	0.0573166	0.0950262	0.0637328	0.104545	0.0913684	0.0771982	0.120748
dans	0.035748	0.0409194	0.0473635	0.0220406	0.0127843	0.0140676	0.016355	0.0119361	0.0122786	0.010581	0.0111802	0.0115289	0.0112221	0.0105489	0.0103479	0.00660145	0.00426251	0.00351151	0.00431166	0.00503715	0.0070439	0.00247007	0.00315974	0.00781864	0.00452574	0.00558811	0.00927899	0.0103959	0.0275248	0.0420991	0.0484829	0.0505009	0.0474311	0.0733491	0.0620482	0.0557548	0.0689698	0.0479601	0.122972
cette	0.0399311	0.0282277	0.0248773	0.0106624	0.00805074	0.0149249	0.0200509	0.0166647	0.0206824	0.0182069	0.0121567	0.0108754	0.0133999	0.012015	0.0110635	0.00734547	0.00524202	0.00448534	0.00453045	0.00556472	0.0103131	0.00426544	0.00618506	0.0165002	0.0105364	0.0128306	0.0164212	0.0222335	0.0600451	0.0778651	0.0735462	0.0660723	0.0505197	0.0588546	0.0505303	0.0329159	0.0536135	0.0264181	0.0613765
case	0.00646206	0.00877438	0.00359191	0.00418466	0.00516302	0.00590415	0.00794364	0.00852135	0.0100501	0.00995028	0.0124484	0.013323	0.0131979	0.0136767	0.0131557	0.0127974	0.0088896	0.00956822	0.00940617	0.00960886	0.0128866	0.00638973	0.00953612	0.0189309	0.00858417	0.0164434	0.0195521	0.0207947	0.0496779	0.102896	0.081517	0.0626502	0.0540296	0.0647797	0.0618206	0.0489484	0.0599	0.0377635	0.0762825
</S>	0.00766875	0.0115156	0.00405782	0.0060021	0.00869997	0.0104282	0.0113729	0.0124457	0.0112367	0.0128633	0.0107693	0.0101391	0.0114464	0.00992862	0.0104778	0.00784336	0.00544019	0.00534206	0.00680759	0.00480402	0.00496339	0.00248408	0.00401044	0.00861867	0.00540873	0.00627479	0.00867274	0.00970317	0.0258425	0.0913173	0.0821544	0.0663226	0.0775392	0.0797467	0.0812236	0.0663063	0.0746922	0.0532347	0.0721953
