 	a66	a87	a97	a30	a93	a34	a21	a47	a43	a62	a61	a75	a47	a98	a92	a85	a92	a93	a56	a96	a75	a36	a27	a82	a3	a97	</S>
qui	0.0609002	0.104212	0.0673972	0.0449455	0.0328012	0.0277774	0.0191664	0.0237889	0.0208242	0.0169754	0.0158179	0.0174643	0.0107489	0.00880452	0.00729011	0.00687765	0.0131298	0.0315286	0.0513219	0.0569775	0.0718106	0.0582203	0.0534826	0.057657	0.0461888	0.0322963	0.0415951
est	0.0421092	0.0346343	0.0253905	0.0156073	0.0239429	0.0214357	0.0336235	0.0205556	0.0161614	0.0270019	0.0267684	0.0362385	0.032216	0.0257356	0.0522276	0.0303285	0.0572548	0.0371307	0.0369244	0.0578452	0.0517711	0.0535272	0.0467346	0.0506253	0.0550178	0.0500642	0.0391277
ce	0.0799104	0.0907174	0.096987	0.0723038	0.0540164	0.0717801	0.0391484	0.0143344	0.0141019	0.00977122	0.0128829	0.0128906	0.00832366	0.00978575	0.0100321	0.0114067	0.0133693	0.0127223	0.0129805	0.0160816	0.0288085	0.0342759	0.0331217	0.0455907	0.0370783	0.0738487	0.0837298
qui	0.0733207	0.0487729	0.0569652	0.0561328	0.0328686	0.0354433	0.0247874	0.0203035	0.0463457	0.0495433	0.0691582	0.0664906	0.0446249	0.0588288	0.0760389	0.0303251	0.051099	0.0255786	0.0131747	0.0167178	0.013748	0.0167558	0.0181564	0.0148913	0.0148941	0.011351	0.0136836
fait	0.0924333	0.067938	0.0577299	0.030022	0.0209989	0.0282853	0.0130064	0.0109357	0.00999241	0.00863497	0.00933075	0.0118044	0.0098943	0.012351	0.0103713	0.0265809	0.0247169	0.0321814	0.0287866	0.0478359	0.0444255	0.0558682	0.0605937	0.0542181	0.0665518	0.104139	0.0603731
pleurer	0.136085	0.0536034	0.0428568	0.0288774	0.02715	0.048199	0.0475369	0.078612	0.0430011	0.0250228	0.0246497	0.0241225	0.0140718	0.0170838	0.0229932	0.032835	0.04499	0.0273945	0.0170856	0.0263457	0.0245029	0.0358108	0.0387372	0.0307784	0.0358447	0.0252979	0.0265123
mon	0.0757397	0.0510206	0.0351578	0.0225781	0.019985	0.024109	0.0295124	0.0155799	0.0124703	0.0102908	0.0100364	0.0127567	0.0131131	0.0248826	0.024067	0.0668137	0.0555955	0.0556362	0.0503957	0.0424568	0.0549389	0.0497356	0.0528212	0.0434348	0.0557244	0.0434026	0.0477452
fils	0.0668404	0.0696631	0.0644126	0.0388091	0.031448	0.0256826	0.0224738	0.0204575	0.0191321	0.0139791	0.011974	0.0146629	0.0144766	0.0149374	0.0149082	0.0225261	0.0256495	0.029989	0.0458591	0.0403489	0.0496029	0.0529268	0.0557556	0.0647991	0.0561193	0.0523169	0.0602493
</S>	0.039728	0.0326746	0.0143319	0.00839621	0.00588029	0.00420883	0.00445447	0.00566391	0.00707449	0.00526013	0.00405877	0.00669086	0.00595938	0.00710894	0.00715199	0.0192331	0.0216577	0.0229047	0.0367563	0.0641063	0.0720611	0.109435	0.0892708	0.10075	0.0757843	0.100301	0.129097
