 	a23	a24	a71	a38	a30	a41	a66	a38	a26	a24	a25	a38	a24	a71	a26	a41	a25	a35	a32	a75	a41	a35	a75	a76	a35	a41	a25	a87	a23	a87	a23	a20	a30	a32	a75	a73	a35	a76	a90	a98	a24	a9	a87	</S>
cet	0.073451	0.0744589	0.0671228	0.0596724	0.0387989	0.0388083	0.0187267	0.0161864	0.0173525	0.0150144	0.0164004	0.0110559	0.012189	0.0126147	0.00783583	0.00772562	0.00800112	0.00644043	0.00814681	0.00503771	0.0072419	0.0103385	0.00860269	0.00899817	0.0352896	0.00796654	0.0108982	0.0392329	0.0140671	0.0139321	0.0383545	0.0305464	0.0283929	0.0271504	0.0191072	0.0265919	0.010015	0.0120739	0.0132619	0.0168001	0.0269765	0.0213111	0.0268524	0.0309583
homme	0.0059977	0.00799578	0.0134164	0.016419	0.0391454	0.0207595	0.02148	0.0260858	0.0167034	0.0142453	0.018959	0.0314619	0.0383501	0.0318287	0.0417615	0.052924	0.04259	0.0329767	0.0472092	0.0355116	0.0403594	0.0308019	0.0378927	0.0579155	0.0262644	0.0219634	0.0599749	0.0525561	0.0123531	0.0158518	0.00948668	0.00621765	0.0108535	0.00525507	0.00601925	0.00565061	0.00571917	0.00295069	0.00202065	0.00274539	0.00307314	0.00537577	0.00877257	0.0141058
est	0.0066446	0.00575433	0.00705688	0.00839824	0.0107192	0.0164527	0.00900677	0.0375959	0.0313659	0.0224033	0.0336542	0.0219591	0.0249254	0.0335526	0.0161926	0.0171349	0.0246317	0.0238411	0.0198337	0.0207219	0.0211246	0.0146766	0.0125337	0.0214432	0.0165442	0.0152992	0.0154495	0.0155063	0.0113015	0.0310853	0.0151798	0.0148881	0.0352508	0.00734576	0.00859631	0.00973277	0.0142563	0.0215161	0.0395225	0.0417499	0.0554561	0.0419422	0.0523964	0.075358
très	0.0211339	0.01863	0.0333562	0.0280468	0.0305764	0.0429612	0.0391614	0.0326433	0.0252375	0.0277958	0.0365069	0.0186622	0.0191561	0.0196981	0.0136963	0.0128958	0.0106739	0.0162923	0.00965624	0.00858337	0.0120635	0.0131031	0.01367	0.0121222	0.0127942	0.0166261	0.0163124	0.0171475	0.0151981	0.0180066	0.0170619	0.0193656	0.028848	0.0329952	0.0503905	0.037965	0.0511441	0.0317151	0.0258975	0.0219876	0.014161	0.0151226	0.0147932	0.0261454
actif	0.0548164	0.0478122	0.0491018	0.0453009	0.0531818	0.0399346	0.0549651	0.0505595	0.036357	0.0303358	0.0440067	0.0180175	0.0160634	0.0217416	0.0121837	0.0141907	0.0135392	0.0154323	0.0177329	0.0208164	0.0195671	0.021945	0.020929	0.0223926	0.0184372	0.0198349	0.014081	0.0193338	0.0166018	0.0247054	0.0215933	0.019794	0.0212738	0.00892948	0.00772307	0.00738073	0.00774991	0.00842102	0.00734733	0.00611133	0.00877338	0.00629827	0.00813508	0.00655188
il	0.108313	0.0572259	0.0524731	0.049658	0.0470406	0.0348136	0.0233823	0.0200445	0.0221683	0.0236286	0.0177685	0.0164274	0.0150839	0.0200081	0.013867	0.0152638	0.0106442	0.0160819	0.0149918	0.0123731	0.0186736	0.0196626	0.0113436	0.0100285	0.0266406	0.00634345	0.00676795	0.0100767	0.0103186	0.0097702	0.0163227	0.018363	0.0164714	0.014815	0.0117013	0.0133926	0.0156505	0.026844	0.0242077	0.019387	0.0237129	0.0223238	0.0336838	0.0222407
travaille	0.063089	0.0554549	0.0541034	0.0538696	0.0487969	0.0438998	0.0312484	0.0242678	0.0235365	0.0272091	0.0181334	0.0146907	0.0156625	0.0146469	0.0091917	0.00892669	0.00660004	0.00866458	0.0116495	0.0116131	0.0132828	0.0139843	0.00898595	0.013134	0.01994	0.00642984	0.00787378	0.0166016	0.0155616	0.0135112	0.0183017	0.0137673	0.0103742	0.00706188	0.00542259	0.00889125	0.0169925	0.0336212	0.0322773	0.0296197	0.041168	0.030134	0.0417443	0.0360645
beaucoup	0.0748144	0.0384238	0.034414	0.0295572	0.0261202	0.0197811	0.0168562	0.0168836	0.0163759	0.0178504	0.0157094	0.00795682	0.00838169	0.0128619	0.00390561	0.00508568	0.00575162	0.0103443	0.0128416	0.0117981	0.0134978	0.015574	0.0118995	0.0180815	0.0218205	0.0110503	0.0127248	0.0152261	0.013295	0.0130242	0.0150538	0.01491	0.0214394	0.015368	0.0135286	0.012686	0.0205725	0.0304523	0.0672439	0.0490108	0.0474023	0.0393955	0.0527735	0.068256
</S>	0.0859088	0.0537427	0.0468762	0.0382875	0.0585963	0.0249807	0.0182231	0.0205686	0.0221635	0.0239658	0.0160115	0.018206	0.0174523	0.0180889	0.0105794	0.0107032	0.012019	0.015509	0.0204596	0.015776	0.0163264	0.011786	0.0122897	0.0178753	0.0122785	0.0131608	0.0094756	0.0102957	0.00937023	0.0169472	0.00945165	0.012961	0.0209357	0.0118859	0.0118969	0.0116144	0.020588	0.0212583	0.0394943	0.0352574	0.0282197	0.025711	0.0242334	0.0485686
