 	a66	a87	a23	a4	a57	a11	a34	a25	a15	a98	a15	a98	a85	a47	a7	a54	a0	a75	a36	a7	a90	a69	a58	a82	a87	a23	a87	a23	a87	</S>
le	0.0315013	0.0360844	0.0307974	0.0439848	0.0292452	0.0566412	0.0430396	0.0705313	0.0349183	0.0407431	0.0417941	0.026969	0.0274035	0.0305771	0.0195175	0.0271321	0.0254596	0.0316362	0.0295888	0.0385742	0.0290257	0.0290934	0.0266877	0.0423554	0.0199591	0.0256897	0.0145619	0.0155455	0.0244784	0.0564646
filet	0.00134589	0.00345494	0.00764132	0.00541471	0.0176633	0.039229	0.0284297	0.0838265	0.0656967	0.0859107	0.0632563	0.0607717	0.111793	0.133676	0.193139	0.031534	0.0430727	0.0126203	0.00576254	0.00155166	0.00177869	0.000395636	0.000494095	0.000368432	0.000117162	0.000265129	0.00010822	0.000155768	0.000415746	0.000110666
est	0.0381494	0.0481417	0.0375963	0.0404186	0.0558423	0.0393182	0.0515678	0.0626636	0.0577782	0.0730881	0.0827792	0.0611848	0.0878448	0.0443759	0.0292271	0.0308928	0.0259752	0.026368	0.0278341	0.0164145	0.0111839	0.00486027	0.00723379	0.00433188	0.00275123	0.00965449	0.00871065	0.0058987	0.00618718	0.0017273
déjà	0.0251522	0.0208898	0.0175905	0.0208934	0.0162473	0.0126175	0.0188976	0.0118751	0.0158301	0.0305462	0.0482037	0.0733859	0.117058	0.108812	0.0710225	0.0695819	0.060322	0.0459422	0.0335386	0.0392602	0.0205291	0.0122003	0.00713006	0.011534	0.0171615	0.020587	0.0176062	0.0130439	0.0107147	0.0118263
déployé	0.0281287	0.0316612	0.0285962	0.0420984	0.0262039	0.03163	0.0370444	0.0317647	0.0186213	0.0244193	0.0264923	0.0445788	0.0780195	0.0747502	0.0615743	0.0510823	0.0486895	0.0603365	0.0375309	0.0211448	0.0247347	0.0224018	0.0165352	0.0279001	0.0189738	0.0193243	0.0224072	0.0138568	0.0117612	0.0177376
dans	0.0306561	0.0289406	0.0240871	0.0272279	0.0262291	0.0311011	0.0305399	0.0197027	0.0137032	0.015767	0.0127952	0.0139422	0.0164077	0.0149554	0.0152204	0.0194239	0.0183569	0.0171784	0.0257	0.0403532	0.0429712	0.0556684	0.0336868	0.0739466	0.0480735	0.058175	0.0491304	0.0533993	0.0497534	0.0929073
la	0.0389924	0.0259141	0.0211802	0.0196093	0.0163668	0.0200003	0.0183982	0.0148911	0.0378996	0.0652092	0.0862801	0.0335652	0.0430099	0.0333303	0.0235	0.0292631	0.023835	0.0231653	0.037831	0.0364445	0.0466092	0.0269327	0.0374844	0.0528277	0.0278474	0.0437809	0.0248732	0.0362465	0.0281636	0.0265488
forêt	0.0252353	0.0219864	0.0211609	0.0159954	0.0178323	0.0295102	0.0222577	0.0256484	0.0595102	0.0939874	0.0884163	0.0653767	0.0619909	0.0696317	0.0570058	0.0409313	0.0533317	0.0363078	0.0317704	0.0240245	0.0322582	0.00442102	0.0196165	0.0253616	0.00649529	0.0153169	0.00967583	0.0112136	0.00719765	0.00653215
</S>	0.0474909	0.0502758	0.044149	0.0361382	0.0368378	0.0738617	0.04454	0.0368042	0.0512877	0.0589782	0.0450079	0.0324085	0.0406955	0.0388319	0.0386195	0.0487774	0.0479547	0.0316801	0.0311688	0.0192467	0.0178807	0.00582322	0.00785061	0.0105047	0.00539942	0.0267318	0.0145954	0.0214015	0.0199714	0.0150866
