 	elle	oint	le	fétiche	avec	de	la	poudre	de	bois	rouge	et	de	l'	huile	</S>
a87	0.20229	0.212628	0.0870082	0.0601737	0.046855	0.0374654	0.0334699	0.0376891	0.0540252	0.0487821	0.0471975	0.032807	0.0296532	0.0269212	0.0221335	0.020901
a23	0.193662	0.127075	0.0881239	0.078383	0.0701122	0.0656407	0.06128	0.0490948	0.0511678	0.0350189	0.0360806	0.0290772	0.0277322	0.0269364	0.0282459	0.0323685
a79	0.0983479	0.0690954	0.0693064	0.0768253	0.0946582	0.0924488	0.0724408	0.0582154	0.058854	0.0458052	0.0430011	0.0350357	0.0375202	0.0443878	0.0471264	0.0569316
a20	0.206417	0.196561	0.120573	0.0892979	0.0775737	0.0412796	0.0255089	0.0282101	0.0231082	0.0192816	0.0154056	0.0140366	0.0157768	0.0259242	0.0436154	0.0574299
a44	0.251684	0.215777	0.149673	0.109443	0.0776486	0.0407723	0.0245233	0.0254112	0.0202087	0.0166412	0.0149372	0.0112576	0.010064	0.0105583	0.0104253	0.0109747
a20	0.198461	0.160582	0.135992	0.119496	0.0915842	0.0557023	0.0467334	0.041261	0.0276821	0.0233924	0.0213355	0.0155794	0.0128526	0.0139036	0.0163524	0.0190903
a69	0.0878659	0.102209	0.11705	0.122868	0.10497	0.0731402	0.0730165	0.0631841	0.0455827	0.0413834	0.0389398	0.0286573	0.0219542	0.0217955	0.0260866	0.0312978
a4	0.0769714	0.0921834	0.107247	0.109753	0.0991228	0.0762397	0.0769759	0.0680268	0.0487545	0.045339	0.0431105	0.03195	0.0236541	0.025166	0.0336598	0.0418462
a53	0.0941114	0.10159	0.112279	0.121101	0.0995044	0.0756663	0.0772322	0.0653771	0.0433504	0.03813	0.0354265	0.0248093	0.0181372	0.0202158	0.0305975	0.0424725
a90	0.0695923	0.0820647	0.10254	0.113561	0.101846	0.0803054	0.0824709	0.0744922	0.0525811	0.046572	0.0422032	0.0305393	0.0217404	0.0237799	0.0333662	0.0423457
a32	0.081152	0.0873341	0.107316	0.112161	0.0985142	0.0790677	0.0786975	0.0731093	0.0559869	0.0476198	0.0432549	0.0326818	0.0226698	0.0211041	0.0264799	0.0328507
a20	0.0561828	0.0628283	0.080346	0.101722	0.10173	0.0876669	0.087201	0.0744765	0.0559457	0.0496625	0.0448244	0.0366782	0.0299536	0.0320144	0.0437845	0.0549832
a76	0.0534278	0.0557588	0.0705374	0.0907338	0.101142	0.0906787	0.0872759	0.0764531	0.0584646	0.0540105	0.047298	0.0396528	0.0342466	0.0359028	0.0465333	0.0578844
a94	0.057879	0.0514625	0.0646638	0.0761794	0.0925754	0.0917744	0.0893875	0.0766559	0.0651283	0.0605712	0.053979	0.0461613	0.0414297	0.0386996	0.0429639	0.0504888
a98	0.044467	0.046929	0.0592523	0.0764179	0.0951121	0.0960268	0.0913771	0.0815747	0.0647375	0.0601061	0.0525093	0.045768	0.0419967	0.0406404	0.0470272	0.0560579
a73	0.0381496	0.0414045	0.0547337	0.0792877	0.0983446	0.0956561	0.0861179	0.0743787	0.0614667	0.0562908	0.0479018	0.0422491	0.040237	0.0403545	0.0580747	0.0853525
a94	0.0355929	0.0427884	0.0600813	0.0857978	0.100234	0.0949872	0.0835213	0.0780272	0.0641534	0.0583136	0.0480425	0.0423229	0.0399862	0.0396396	0.0542562	0.0722558
a98	0.0281838	0.0350228	0.0483749	0.0638436	0.0783038	0.0881586	0.0892391	0.0818587	0.0694118	0.0653545	0.0558005	0.0492649	0.0479841	0.0479772	0.0634158	0.0878059
a73	0.0267866	0.0299099	0.0358182	0.0437783	0.0578557	0.074417	0.0736054	0.0614438	0.0576529	0.0576634	0.0505385	0.0513529	0.0622325	0.0709562	0.10092	0.145068
a84	0.0275888	0.0352031	0.0396741	0.0519771	0.0726272	0.0845452	0.0791387	0.0716933	0.0640019	0.0631667	0.0546194	0.0531685	0.058429	0.0621683	0.0794951	0.102504
a57	0.0146083	0.0284578	0.0436449	0.062142	0.0661229	0.0733774	0.0799433	0.0795478	0.0664681	0.0676542	0.0617684	0.0559534	0.0490814	0.0501146	0.0829996	0.118116
a87	0.0256259	0.0293075	0.0428542	0.0535642	0.0674578	0.0840382	0.0835109	0.0734509	0.0696	0.0637208	0.0534248	0.0425394	0.0411944	0.0467854	0.0826214	0.140304
a23	0.021657	0.0237768	0.0333206	0.0340958	0.0490316	0.062854	0.0569866	0.0527117	0.0725804	0.0765798	0.0671829	0.0592016	0.0754547	0.0927603	0.0995624	0.122244
a53	0.00922775	0.00960649	0.0168671	0.0184978	0.0342374	0.0491908	0.0439141	0.0348356	0.0511294	0.0531162	0.0426054	0.036047	0.0624596	0.111805	0.170921	0.25554
a69	0.0119625	0.0161088	0.0255465	0.0272607	0.04132	0.0506156	0.0477424	0.0464116	0.0499988	0.0413919	0.0301623	0.0275648	0.0430191	0.0832056	0.165808	0.291881
a4	0.0226102	0.0246276	0.0327808	0.0318605	0.0469063	0.0576981	0.0638622	0.0652608	0.0578856	0.0550049	0.0449883	0.0420428	0.0513416	0.0804749	0.132204	0.190452
a13	0.0155392	0.0168836	0.025365	0.030387	0.0476067	0.0582311	0.0642695	0.0631828	0.0545096	0.0575445	0.0483148	0.0465044	0.0574395	0.0866593	0.13726	0.190303
a53	0.00936205	0.00994989	0.0165961	0.0223974	0.0359539	0.0442172	0.0482008	0.0469909	0.0427545	0.0498079	0.0429167	0.045011	0.0623159	0.106573	0.171397	0.245556
a79	0.0140628	0.0179999	0.0258748	0.0342969	0.0466151	0.0494835	0.0514802	0.050632	0.0489943	0.0565767	0.0491445	0.0467965	0.058146	0.0884263	0.146129	0.215342
a44	0.0117976	0.0137616	0.0178847	0.0248324	0.0361687	0.0403736	0.0402407	0.0381362	0.0409302	0.0495419	0.0456953	0.0449675	0.0613299	0.0956593	0.169609	0.269072
a41	0.00780739	0.00992129	0.0157497	0.0250798	0.037022	0.0401384	0.0384178	0.0358634	0.0342928	0.0448553	0.040284	0.0418509	0.058074	0.0929011	0.180268	0.297474
a44	0.00860925	0.0109908	0.0151477	0.0217204	0.03043	0.03239	0.0297824	0.0291742	0.02978	0.0400092	0.0372726	0.0417973	0.0597786	0.0993382	0.196093	0.317686
a54	0.00663415	0.00848493	0.0122483	0.0188799	0.0260354	0.0273087	0.0244265	0.0248322	0.0242695	0.0332847	0.0308666	0.0352608	0.0521254	0.0999568	0.21594	0.359446
a73	0.0105367	0.0141045	0.019358	0.0296052	0.041554	0.0402871	0.0327673	0.0330072	0.0321843	0.0427911	0.0399009	0.0423631	0.0606595	0.095068	0.175979	0.289834
a69	0.00529357	0.00808755	0.0130096	0.0207333	0.0297394	0.0303972	0.0254533	0.0266243	0.0276311	0.0362898	0.0336861	0.0393566	0.059814	0.104733	0.209526	0.329625
a4	0.00348749	0.00646148	0.0123767	0.0231277	0.0320166	0.0316921	0.0255178	0.0246339	0.0219792	0.0298131	0.0274448	0.0317837	0.045019	0.0838064	0.204881	0.395959
a53	0.00327522	0.00455945	0.0083359	0.015137	0.0238601	0.0251296	0.0192104	0.0173292	0.0171051	0.0219466	0.0196414	0.0229011	0.0402993	0.0945588	0.234883	0.431828
a69	0.0053334	0.00559362	0.00833095	0.0130653	0.0206321	0.021739	0.016306	0.0157717	0.0167762	0.0213189	0.0188373	0.0213053	0.0416226	0.103629	0.248668	0.421071
a84	0.00494825	0.00510158	0.00751601	0.0115484	0.018666	0.0205086	0.0154296	0.0150641	0.0158462	0.0190878	0.0169952	0.0197302	0.0388633	0.100052	0.253521	0.437121
a82	0.00503618	0.00538997	0.00740914	0.00683459	0.00972284	0.0111491	0.00828558	0.00806288	0.00942555	0.0133195	0.0131752	0.019887	0.0422273	0.104991	0.256678	0.478407
a87	0.00629601	0.00516995	0.00555678	0.00422561	0.0055772	0.00697956	0.0050832	0.00500243	0.00826172	0.0121187	0.0119299	0.0187032	0.0424431	0.104545	0.256257	0.50185
</S>	0.0120873	0.00863318	0.00891231	0.00544258	0.00833571	0.0116421	0.00894565	0.00804285	0.0156223	0.0219376	0.018104	0.0239889	0.0529938	0.124952	0.245123	0.425237
