 	la	femme	a	porté	une	robe	noire	car	elle	est	en	deuil	</S>
a97	0.13655	0.146492	0.160706	0.124528	0.110916	0.106553	0.0801367	0.0614878	0.0323826	0.020411	0.00992693	0.00600136	0.00390771
a79	0.218821	0.169269	0.142838	0.111843	0.051582	0.0535015	0.0619012	0.0640292	0.0311273	0.0288366	0.0227469	0.0240026	0.0195006
a4	0.156669	0.111223	0.0967106	0.112619	0.0913666	0.108466	0.0825317	0.0671679	0.0382473	0.037774	0.0308822	0.0357696	0.0305718
a96	0.185196	0.15363	0.138259	0.114955	0.0911066	0.100802	0.0633452	0.0467128	0.0249643	0.0256421	0.0222823	0.0193543	0.0137491
a75	0.150392	0.136519	0.146116	0.161837	0.157842	0.114585	0.0538461	0.0261861	0.0138812	0.0136521	0.0126477	0.00899583	0.00349948
a92	0.120484	0.118593	0.129738	0.146698	0.135405	0.110075	0.0638824	0.0457595	0.0270301	0.0286368	0.032697	0.0285449	0.0124562
a85	0.0824962	0.0889233	0.110393	0.134145	0.145849	0.134366	0.0816042	0.058825	0.0349915	0.0325755	0.0379828	0.0385471	0.0193021
a15	0.0994133	0.0965891	0.114115	0.134418	0.133019	0.116367	0.0768346	0.0546126	0.0378022	0.0284162	0.0324474	0.0403779	0.0355884
a20	0.0724126	0.0763973	0.10251	0.144973	0.194077	0.170437	0.0913408	0.0432082	0.0224164	0.0155194	0.0176532	0.0227763	0.0262788
a7	0.0466045	0.0537246	0.0759409	0.121143	0.184034	0.166982	0.110563	0.0597496	0.0362602	0.0236466	0.0273071	0.0404188	0.0536256
a15	0.042179	0.0546183	0.0745192	0.100834	0.167057	0.182429	0.12085	0.0614455	0.0368883	0.0277072	0.0309723	0.0409843	0.0595157
a98	0.0297659	0.0400547	0.0603871	0.095443	0.160244	0.172518	0.118762	0.0690708	0.0501427	0.0367526	0.0385701	0.048287	0.080002
a79	0.013812	0.0185706	0.0292663	0.0605097	0.118061	0.145088	0.130751	0.0942062	0.0795037	0.0546562	0.056335	0.0767693	0.122471
a37	0.0130984	0.0181141	0.0286442	0.0555806	0.123616	0.154585	0.148591	0.109641	0.0823588	0.0515281	0.0483678	0.0615326	0.104342
a75	0.0166524	0.0214202	0.0295582	0.0416827	0.0862461	0.140649	0.150322	0.111507	0.0822666	0.0570394	0.0586356	0.076391	0.12763
a6	0.00777088	0.0086054	0.0115759	0.0198207	0.0518219	0.105197	0.127706	0.116464	0.110199	0.0880219	0.0836825	0.096522	0.172613
a36	0.00614508	0.0061987	0.00810458	0.0139066	0.0349735	0.0787042	0.117688	0.129003	0.122376	0.0912963	0.0853557	0.0994957	0.206753
a26	0.0111	0.0105401	0.0115415	0.0139043	0.0235095	0.0600872	0.121163	0.129728	0.115267	0.0740643	0.0733405	0.102739	0.253014
a18	0.0261743	0.0263586	0.0273533	0.0253569	0.0331422	0.0547615	0.109465	0.122443	0.119518	0.0734854	0.0657878	0.0868139	0.22934
a71	0.0226864	0.0234455	0.0239235	0.0223179	0.0305695	0.0538525	0.104971	0.132206	0.141834	0.10093	0.0856759	0.0962814	0.161306
a0	0.0141149	0.0147977	0.0164218	0.0162014	0.0235627	0.0395117	0.0780356	0.114686	0.124341	0.109406	0.115228	0.142037	0.191656
a62	0.021552	0.0196215	0.0198024	0.0191279	0.023062	0.0387818	0.0800529	0.134114	0.136208	0.129546	0.116376	0.119009	0.142746
a96	0.00759882	0.00771515	0.00821534	0.00745109	0.0088135	0.0167769	0.0396492	0.0726924	0.0850102	0.117302	0.152161	0.211746	0.264869
a5	0.00298312	0.00317442	0.00354984	0.00348964	0.00485433	0.00938147	0.0219472	0.0468485	0.061005	0.103237	0.157366	0.249203	0.33296
a18	0.00128938	0.00134232	0.0014424	0.0017763	0.00280074	0.00675525	0.0180043	0.0376892	0.0556645	0.103752	0.16948	0.239172	0.360832
a70	0.00508889	0.00574335	0.00662991	0.00576476	0.00714439	0.00808277	0.0154873	0.0342227	0.062984	0.11325	0.159508	0.209269	0.366824
a31	0.00287251	0.00309161	0.00349137	0.00307506	0.00385487	0.00525532	0.010715	0.0258739	0.0451636	0.0890405	0.157934	0.241579	0.408053
a88	0.00184024	0.00205417	0.00241363	0.0024589	0.00336478	0.00487594	0.00963229	0.0239539	0.0404721	0.0848392	0.1516	0.239373	0.433122
a62	0.00106897	0.00123517	0.0014453	0.00155046	0.00236897	0.00356102	0.00736764	0.0182445	0.0314571	0.0666023	0.126354	0.224827	0.513918
a18	0.00107934	0.00127965	0.00153434	0.00175413	0.00259492	0.00381638	0.00803946	0.0204201	0.0367241	0.0776835	0.140716	0.22855	0.475808
a82	0.00164201	0.00179218	0.00202966	0.00183825	0.00274961	0.00343298	0.00675619	0.0139055	0.0302371	0.0577777	0.103785	0.190274	0.583779
a3	0.0211904	0.0160918	0.0147568	0.0124509	0.0114579	0.00989854	0.0156843	0.0284635	0.0631209	0.105592	0.140038	0.17451	0.386745
a97	0.06475	0.0455183	0.0364708	0.0282886	0.0213768	0.0214698	0.0410576	0.0716617	0.098924	0.13227	0.126935	0.134438	0.17684
a3	0.0496871	0.0384628	0.0323436	0.0273189	0.0242068	0.0442369	0.0843848	0.109791	0.124487	0.131119	0.112018	0.108511	0.113434
a97	0.0701678	0.0525331	0.0445911	0.0384867	0.0381468	0.0745801	0.0909193	0.095106	0.094592	0.0987735	0.0918189	0.101162	0.109123
a99	0.0760401	0.062418	0.0556245	0.0565719	0.0629869	0.0908242	0.0823189	0.0750704	0.0718074	0.0734353	0.0764807	0.0980001	0.118422
a97	0.0546317	0.0429998	0.0377616	0.0433003	0.056555	0.0753293	0.073432	0.0667498	0.0716897	0.0761152	0.0908136	0.128505	0.182117
a3	0.0553879	0.0429519	0.0381125	0.0441147	0.0520491	0.0586302	0.0533455	0.0482654	0.0536299	0.0616363	0.0863721	0.148387	0.257117
a87	0.0707179	0.0608026	0.0567602	0.0649083	0.0697664	0.0760389	0.064262	0.047928	0.0470981	0.0488481	0.0675343	0.116495	0.208841
</S>	0.0791318	0.0705014	0.0705008	0.0769638	0.0808458	0.0887014	0.0716156	0.0494129	0.0450161	0.0439354	0.0582331	0.0990722	0.16607
