 	avant	de	rentrer	à	la	maison	le	pêcheur	a	mangé	une	partie	de	son	butin	</S>
a66	0.142997	0.121825	0.125136	0.0814957	0.0783119	0.0710926	0.086452	0.0952181	0.0588112	0.048644	0.03415	0.0223946	0.0133234	0.00781929	0.00640196	0.00592747
a87	0.326381	0.210075	0.16642	0.0953882	0.0491168	0.0357106	0.0290432	0.0234172	0.0171083	0.0131729	0.00802622	0.00575695	0.00439918	0.00425492	0.00462049	0.00710831
a23	0.302102	0.208874	0.161567	0.121244	0.0638286	0.0453328	0.0313077	0.0227582	0.0121585	0.00845826	0.00521573	0.00353101	0.00254427	0.0027651	0.00298133	0.00533241
a79	0.250941	0.170157	0.136121	0.0972101	0.0600547	0.0500011	0.0382705	0.0345397	0.0292031	0.022212	0.0175125	0.0147716	0.0127574	0.014304	0.017828	0.0341168
a13	0.147813	0.10389	0.0946614	0.0855256	0.0783828	0.0843694	0.0710741	0.068192	0.0583259	0.0389142	0.0281337	0.0228789	0.0194955	0.022676	0.0279671	0.0477002
a30	0.153903	0.144102	0.145416	0.117978	0.0967569	0.0716912	0.0570163	0.0459567	0.039377	0.0286265	0.0191725	0.0145012	0.0122778	0.0137766	0.015495	0.0239546
a4	0.185259	0.146598	0.14711	0.109224	0.0831209	0.0583513	0.0484834	0.0397412	0.0383329	0.0296002	0.0224654	0.0182236	0.0154054	0.0152281	0.0171641	0.0256917
a11	0.105702	0.116257	0.136414	0.151648	0.11809	0.0678828	0.0482818	0.034061	0.0352021	0.0299304	0.0256144	0.0249081	0.0218985	0.0230573	0.0261195	0.0349326
a56	0.0578771	0.0712074	0.0926321	0.148119	0.139086	0.108279	0.074774	0.0498014	0.0505294	0.0450972	0.0341465	0.0291396	0.0235215	0.0238118	0.0221022	0.029876
a96	0.0557892	0.0742252	0.0953078	0.152421	0.148251	0.113939	0.0864512	0.0553766	0.0449544	0.0386759	0.0275444	0.0236183	0.0193006	0.0202859	0.0186883	0.0251724
a94	0.0413829	0.0527006	0.0653982	0.120776	0.15326	0.149244	0.116384	0.0710409	0.0583145	0.0479126	0.028296	0.0211888	0.0171774	0.0178126	0.0163173	0.0227945
a31	0.0279269	0.0351658	0.0462776	0.0896944	0.145591	0.167672	0.128657	0.0738046	0.064272	0.0525064	0.032965	0.0261454	0.0226825	0.0258464	0.0254758	0.0353162
a88	0.0264271	0.0341859	0.0475275	0.0797413	0.12719	0.150163	0.124452	0.0868521	0.0747859	0.0631799	0.0448514	0.0344711	0.0274802	0.0260254	0.0233054	0.0293615
a90	0.0167532	0.0200438	0.0262105	0.0469206	0.101536	0.175089	0.157141	0.102391	0.0972605	0.0777997	0.046488	0.0308484	0.0233352	0.0233242	0.0215846	0.033274
a75	0.0107211	0.014307	0.0219646	0.0417677	0.088422	0.149857	0.141201	0.0952434	0.101045	0.0846865	0.0577871	0.0440273	0.0329706	0.0348342	0.034992	0.0461728
a92	0.00463207	0.0061192	0.0105369	0.0206084	0.0439058	0.0850337	0.102263	0.0893604	0.117784	0.09965	0.085922	0.0781543	0.0604607	0.0585378	0.0617537	0.0752782
a85	0.00609473	0.00742727	0.0125146	0.0211692	0.043751	0.081102	0.106124	0.0956686	0.117672	0.0941356	0.0828307	0.0783195	0.0619855	0.0589136	0.0635225	0.0687694
a6	0.00441492	0.00574583	0.0102711	0.0190106	0.0383521	0.0755715	0.10204	0.0896712	0.111459	0.0927078	0.0847094	0.0821193	0.0693268	0.0674889	0.0719153	0.0751964
a37	0.00570727	0.00656026	0.00998924	0.0134966	0.0274037	0.0548352	0.0822899	0.10215	0.121207	0.0967773	0.0899317	0.0859485	0.0680434	0.0651395	0.0780732	0.0924479
a21	0.00570818	0.00643302	0.00805156	0.00986929	0.0170313	0.0348439	0.0637006	0.110535	0.144203	0.117724	0.104104	0.085473	0.0598012	0.0573188	0.0732509	0.101951
a47	0.00393594	0.00432587	0.00470019	0.00538237	0.00892187	0.0199184	0.0370556	0.076451	0.112695	0.0963864	0.10045	0.100588	0.0815448	0.0844674	0.114869	0.148308
a62	0.00541296	0.00687005	0.00856471	0.0116563	0.0169161	0.0320216	0.0510777	0.0881504	0.14515	0.118037	0.101594	0.082058	0.0592492	0.0618435	0.0853845	0.126014
a88	0.00536607	0.00691253	0.00869363	0.0117749	0.0165573	0.0279376	0.0389611	0.0614565	0.124551	0.107559	0.103242	0.0883564	0.0671779	0.0682913	0.0917213	0.17144
a71	0.00350969	0.00434471	0.00550395	0.00713876	0.010509	0.0193909	0.0295113	0.0548988	0.116974	0.107094	0.112509	0.106741	0.0942203	0.0869818	0.0923554	0.148317
a9	0.0102802	0.0114867	0.0148199	0.0160887	0.0223886	0.0298904	0.0477675	0.089894	0.129773	0.114694	0.107325	0.0913765	0.0770865	0.063359	0.0652103	0.108559
a87	0.0214996	0.0193183	0.0209116	0.0229909	0.0295684	0.0390646	0.0559774	0.0953991	0.114542	0.103175	0.0900162	0.0840926	0.0749	0.0624966	0.0700274	0.0960205
a97	0.101644	0.0666104	0.0520209	0.0430851	0.0312877	0.0329891	0.0382202	0.061359	0.0703671	0.0651501	0.0643852	0.075849	0.0762323	0.0790606	0.0710592	0.0706805
a87	0.0837569	0.05673	0.0464948	0.0399828	0.0276192	0.0361235	0.04689	0.0728747	0.087506	0.0821398	0.0726754	0.0853002	0.0806895	0.0745965	0.0548392	0.0517815
a23	0.0594619	0.0440376	0.0411429	0.0410461	0.0331549	0.0448037	0.0560311	0.0870247	0.112462	0.100015	0.0861025	0.0917557	0.0778416	0.0568778	0.0383742	0.0298692
a79	0.0302649	0.0233115	0.0246238	0.029757	0.0276039	0.035584	0.0483999	0.0632969	0.0882151	0.0881676	0.0859494	0.110967	0.0985366	0.0818067	0.0786544	0.084861
a4	0.0161384	0.00988738	0.0101764	0.0137889	0.0128581	0.0203564	0.0320259	0.0555226	0.105807	0.110518	0.0929266	0.102724	0.0919824	0.0920224	0.0919372	0.141329
a90	0.00443765	0.00302495	0.00271746	0.00373442	0.00417042	0.0090785	0.0168629	0.0309241	0.0637426	0.0734956	0.0716664	0.105203	0.115491	0.148038	0.137469	0.209944
a44	0.00186749	0.00159819	0.00161759	0.00238544	0.00268155	0.00541341	0.00948033	0.0203819	0.045505	0.0526797	0.0599699	0.0992984	0.11511	0.152961	0.15491	0.27414
a79	0.00107049	0.000952821	0.000986814	0.00126773	0.00145058	0.00262975	0.00467981	0.0117669	0.0295411	0.0337628	0.0459116	0.0857987	0.114717	0.163332	0.174716	0.327416
a92	0.000745159	0.000705467	0.000784701	0.00109737	0.00165298	0.00393026	0.00698153	0.0184494	0.0375921	0.0334917	0.0426745	0.0702473	0.0953534	0.147281	0.212839	0.326174
a36	0.000513942	0.000502256	0.000553744	0.000674546	0.000924749	0.00211467	0.00395078	0.0110449	0.0251007	0.0234189	0.0365874	0.0757616	0.109869	0.167756	0.227896	0.313332
a47	0.00100649	0.000938333	0.000956667	0.00102774	0.0010187	0.00166372	0.00263266	0.00760838	0.0180476	0.0178582	0.0309635	0.066334	0.102858	0.168351	0.239469	0.339267
a62	0.00139325	0.00121304	0.00113947	0.00114969	0.00105713	0.00163678	0.0025626	0.00734026	0.0164688	0.0161479	0.0295954	0.0667417	0.105719	0.167635	0.249775	0.330424
a88	0.0025722	0.00258523	0.0026567	0.00302512	0.003133	0.00464936	0.00620216	0.0108208	0.0174753	0.0168072	0.0251757	0.0517862	0.0904439	0.149141	0.247788	0.365737
a54	0.00245407	0.00230269	0.00240979	0.00292585	0.00334806	0.00523583	0.00725	0.0119638	0.0166167	0.0152565	0.0183889	0.0313953	0.0561487	0.110716	0.229531	0.484056
a15	0.000369647	0.000382849	0.000480803	0.000647409	0.000864081	0.00167159	0.00254069	0.00599314	0.0131234	0.0112775	0.0166243	0.0334567	0.0649128	0.128902	0.252037	0.466716
a7	0.000900158	0.000964363	0.00118814	0.00163587	0.00199591	0.00357316	0.00434909	0.00740582	0.0150958	0.0125058	0.015936	0.028575	0.0509365	0.107082	0.227173	0.520683
a2	0.00618479	0.00625739	0.00686632	0.00902764	0.00849237	0.011055	0.0115244	0.0143767	0.0202431	0.0179443	0.0199869	0.0319724	0.050017	0.105743	0.222219	0.45809
a57	0.0373093	0.0291853	0.0255026	0.0346497	0.027353	0.0291196	0.0301418	0.0325876	0.0426011	0.0462602	0.045843	0.0573742	0.0727699	0.107931	0.160157	0.221214
a87	0.12166	0.0744115	0.0525546	0.0447559	0.0317241	0.0310899	0.0336193	0.0396304	0.0429249	0.0409313	0.0404332	0.0483906	0.0601956	0.0791246	0.116619	0.141935
a23	0.155413	0.10627	0.0777232	0.0595076	0.0334188	0.026269	0.0278656	0.0379686	0.0424195	0.0382274	0.0425862	0.0528848	0.0572294	0.066366	0.0802329	0.095618
a87	0.0473949	0.0307308	0.0234913	0.0204984	0.0124858	0.0118568	0.012693	0.0244939	0.0425941	0.0411539	0.0604798	0.0936769	0.0981766	0.132736	0.163225	0.184313
</S>	0.0204636	0.0145294	0.0122411	0.0140027	0.00895883	0.0103693	0.0124982	0.0263229	0.0457335	0.0382966	0.0406148	0.0505993	0.0494085	0.102228	0.176165	0.377569
