 	de	nos	jours	les	garçons	et	les	filles	étudient	dans	une	même	école	</S>
a66	0.199236	0.0968263	0.0849772	0.144596	0.127676	0.0961425	0.0735332	0.0363854	0.0363011	0.023323	0.0199323	0.020089	0.0202756	0.020707
a87	0.394114	0.119461	0.0512702	0.0395272	0.0233615	0.0196718	0.0145366	0.0101987	0.016596	0.0230065	0.0373548	0.0606892	0.0921548	0.098057
a23	0.421114	0.117998	0.0557318	0.0457666	0.0269901	0.0216589	0.0201893	0.0182069	0.0330681	0.0363364	0.0422127	0.0459601	0.0529687	0.0617984
a40	0.31201	0.117087	0.052432	0.0245437	0.013741	0.0100416	0.0108644	0.0129316	0.0177432	0.0253844	0.0459029	0.0768397	0.112177	0.168302
a36	0.286838	0.111642	0.0565016	0.0596866	0.0467274	0.0449393	0.0468684	0.0426044	0.0427375	0.0393067	0.0481262	0.0565006	0.057354	0.0601668
a6	0.198941	0.180716	0.126392	0.119515	0.0731037	0.0351714	0.0261824	0.0201112	0.0178023	0.0207415	0.0305594	0.0449235	0.0513176	0.0545239
a36	0.173166	0.157334	0.135851	0.125433	0.0918758	0.0479928	0.0340804	0.0252531	0.0189956	0.0227572	0.0313603	0.0415317	0.0452146	0.0491531
a61	0.12702	0.15213	0.172279	0.144197	0.114254	0.0610688	0.0425679	0.0310525	0.0229472	0.0239985	0.0266949	0.0285206	0.026779	0.0264912
a88	0.0970182	0.14994	0.183197	0.152788	0.115845	0.0655293	0.0495256	0.0381421	0.0360599	0.0278956	0.0245043	0.0219332	0.0188244	0.0187985
a71	0.045337	0.0976424	0.151293	0.149335	0.157719	0.1008	0.0715476	0.0548033	0.0474342	0.0350701	0.0276727	0.0220335	0.019372	0.0199408
a9	0.049626	0.0925605	0.142259	0.148423	0.16165	0.107699	0.0788902	0.0522772	0.0428405	0.0320034	0.0253905	0.0215402	0.0209881	0.0238531
a87	0.0490921	0.064689	0.11152	0.124963	0.147316	0.109746	0.0925561	0.0646577	0.047815	0.0409731	0.0352977	0.0354752	0.0357699	0.0401296
a23	0.0613588	0.0800805	0.111635	0.116267	0.113134	0.0896545	0.0860958	0.0596901	0.0435515	0.0390782	0.0407327	0.0468188	0.0542022	0.0577012
a40	0.0512154	0.0631249	0.0825965	0.0790305	0.0890353	0.0856136	0.0813555	0.0745509	0.0579609	0.050648	0.0626022	0.0708929	0.073019	0.0783543
a7	0.0639992	0.0898979	0.100885	0.151243	0.1506	0.113848	0.0947612	0.0722582	0.0449263	0.0363636	0.0281902	0.0219412	0.0160131	0.0150729
a20	0.041172	0.0671876	0.091505	0.114306	0.143686	0.146468	0.121967	0.0803499	0.0529595	0.0361489	0.0266603	0.0255639	0.0245752	0.0274511
a54	0.0301111	0.055627	0.0885231	0.153701	0.166727	0.131663	0.104058	0.0778071	0.0545213	0.0443943	0.0318811	0.02313	0.0181499	0.0197069
a36	0.0303844	0.0549211	0.0943116	0.172275	0.193328	0.147459	0.103425	0.0620679	0.0401246	0.0309778	0.0211975	0.0166295	0.0152567	0.0176421
a6	0.0330317	0.0556462	0.0845376	0.137915	0.149659	0.131466	0.10372	0.0686385	0.053868	0.0414298	0.0341074	0.0327811	0.0337862	0.0394134
a37	0.03363	0.0511664	0.0852132	0.147348	0.168844	0.13745	0.104054	0.0656601	0.0428419	0.0363955	0.0308033	0.0293287	0.0297372	0.0375273
a70	0.0291018	0.0398304	0.0576164	0.0961487	0.120937	0.122828	0.115283	0.0874974	0.0748557	0.0505188	0.0404966	0.0441408	0.0502568	0.0704883
a4	0.019911	0.0346332	0.0566608	0.0937258	0.133029	0.14593	0.142825	0.107588	0.0822202	0.0505435	0.0336459	0.0310573	0.0309536	0.0372775
a13	0.0158267	0.0250599	0.0386154	0.0584739	0.0962924	0.141501	0.155848	0.124403	0.0983524	0.0601645	0.0442337	0.0408002	0.0441925	0.0562367
a53	0.0165151	0.0198435	0.0297507	0.0460751	0.0824874	0.135508	0.181029	0.151918	0.116325	0.0624344	0.0363835	0.0323377	0.038053	0.0513393
a15	0.0183616	0.0252259	0.0314356	0.0532975	0.0739275	0.100562	0.123013	0.117404	0.105323	0.0818506	0.0636384	0.0601468	0.0635097	0.082305
a36	0.00740127	0.011475	0.0159997	0.0309753	0.0561579	0.106358	0.143833	0.14938	0.11396	0.0826472	0.0623508	0.0588449	0.0687585	0.0918592
a2	0.0135958	0.0217875	0.0258674	0.0333382	0.0541381	0.0902776	0.131124	0.131545	0.1053	0.0673975	0.0584964	0.0668444	0.0858936	0.114394
a38	0.0337228	0.0293049	0.0295014	0.0314368	0.0466006	0.0746622	0.112038	0.133872	0.114428	0.0796102	0.0587447	0.0628255	0.0867668	0.106486
a12	0.0316785	0.0205372	0.0207224	0.0202084	0.0283103	0.047751	0.0809093	0.106788	0.0912007	0.0729845	0.0650404	0.0873106	0.131799	0.19476
a61	0.00841859	0.014471	0.0209387	0.029068	0.0443205	0.0687341	0.105108	0.133664	0.107497	0.0953457	0.0833132	0.0818025	0.0904122	0.116906
a12	0.00532815	0.0101532	0.0147825	0.0194569	0.0307245	0.0520031	0.090493	0.144268	0.124579	0.113337	0.0942943	0.0883346	0.0954722	0.116773
a18	0.00552365	0.0104354	0.0152066	0.0192931	0.0302371	0.0495201	0.0860857	0.135617	0.114919	0.108022	0.0957313	0.0960636	0.10801	0.125337
a53	0.00598873	0.00963543	0.012308	0.014002	0.0218245	0.0352815	0.055513	0.0966667	0.0870562	0.105019	0.101078	0.115314	0.152545	0.187767
a69	0.00287594	0.00449582	0.00635754	0.0101905	0.0180614	0.038637	0.0711902	0.126019	0.116212	0.125524	0.114794	0.111646	0.117382	0.136614
a44	0.00219645	0.00374278	0.00583369	0.0100445	0.0189343	0.0438096	0.0775201	0.131093	0.123546	0.129091	0.115374	0.107924	0.108222	0.12267
a96	0.00211798	0.00279559	0.00386145	0.00572932	0.0113491	0.0300388	0.0526371	0.103455	0.0965335	0.118233	0.121063	0.129127	0.151118	0.171941
a88	0.00186482	0.0027065	0.00406887	0.00571589	0.0109601	0.0280639	0.0476889	0.0910268	0.0821775	0.104687	0.116964	0.132976	0.170684	0.200416
a71	0.00207624	0.00248732	0.00322664	0.00368281	0.00631109	0.0151796	0.0239003	0.0456327	0.038567	0.0604341	0.0975742	0.160872	0.250753	0.289303
a9	0.00343527	0.00363662	0.00408097	0.00402173	0.00731192	0.0172372	0.0246279	0.0417813	0.0360442	0.0597662	0.102054	0.163293	0.247318	0.285391
a87	0.0178911	0.0155326	0.0139481	0.0133255	0.0184979	0.0360578	0.0499907	0.0770241	0.0695632	0.0819004	0.102893	0.141213	0.173443	0.188719
a23	0.088908	0.0225875	0.013868	0.0156004	0.0169978	0.0318734	0.0438452	0.0605322	0.0652369	0.0877081	0.12551	0.137996	0.137515	0.151821
a99	0.0375761	0.0105212	0.00610637	0.00633132	0.00684688	0.0138659	0.0205076	0.0279562	0.0289772	0.0546933	0.112229	0.168205	0.226086	0.280099
a50	0.00757237	0.0019674	0.00127244	0.00196396	0.00275853	0.0093809	0.0217479	0.0430372	0.04773	0.0812885	0.136338	0.182138	0.210313	0.252492
a88	0.00536249	0.00142084	0.0011381	0.00159057	0.00248773	0.0079602	0.0170721	0.036655	0.0361241	0.0654959	0.117615	0.184659	0.237548	0.28487
a71	0.00206523	0.000972271	0.000893623	0.00116162	0.00179791	0.00529286	0.0111634	0.0270837	0.025912	0.0535911	0.112904	0.194809	0.264327	0.298027
a53	0.00236676	0.0011943	0.00113526	0.00139655	0.0022424	0.00568725	0.00982032	0.0197494	0.0195565	0.0374416	0.0881673	0.171802	0.289347	0.350093
a4	0.000972914	0.000602075	0.000692576	0.00122416	0.00191079	0.00615055	0.0129513	0.0295797	0.0316359	0.0608569	0.11926	0.198721	0.258728	0.276714
a57	0.000402172	0.000384217	0.0005619	0.00105771	0.00152754	0.00441452	0.00869067	0.0195338	0.0225461	0.0434401	0.0911724	0.180032	0.288777	0.337459
a82	0.000757605	0.000537946	0.000666851	0.00103117	0.0016425	0.00423438	0.00754318	0.0155817	0.0171528	0.0322162	0.0695041	0.15554	0.290575	0.403017
a87	0.00490938	0.00246424	0.00200453	0.00200226	0.00266385	0.00595524	0.00988508	0.0214619	0.0215956	0.0370876	0.0831955	0.15988	0.275709	0.371186
a23	0.104253	0.0427936	0.0191883	0.0200921	0.0197735	0.0264813	0.0300989	0.0319594	0.0429044	0.058434	0.0859717	0.120852	0.168529	0.228669
a87	0.100524	0.0350193	0.0178822	0.0205753	0.0225458	0.0347845	0.0398995	0.0413282	0.0482337	0.0667504	0.0944585	0.117333	0.156404	0.204261
</S>	0.0159039	0.00634987	0.00552941	0.00897197	0.0113586	0.0245865	0.0311159	0.0330293	0.0313677	0.0544567	0.0952441	0.145634	0.225294	0.311158
