 	son	oncle	est	mort	il	y	a	deux	ans	</S>
a87	0.247805	0.15667	0.0924469	0.085545	0.0730401	0.0734836	0.0702687	0.0726963	0.0623051	0.065739
a23	0.31391	0.140944	0.0852551	0.0826196	0.0708942	0.0728696	0.0678782	0.0643528	0.0516106	0.0496665
a4	0.255985	0.186397	0.119305	0.101396	0.072499	0.0627028	0.0526229	0.0484293	0.0490754	0.0515878
a13	0.518833	0.270901	0.0771237	0.0330844	0.0242952	0.0157148	0.0125669	0.0120868	0.0141989	0.0211954
a53	0.523701	0.258074	0.085417	0.0410733	0.02553	0.0172692	0.0126669	0.0101913	0.0107592	0.0153188
a76	0.217536	0.218452	0.136439	0.104414	0.0693293	0.0557212	0.0472203	0.0412774	0.0465182	0.0630924
a35	0.236129	0.198649	0.131345	0.0962785	0.0702413	0.0603445	0.0537035	0.048202	0.0492407	0.0558669
a76	0.227402	0.21794	0.141677	0.102014	0.0694786	0.055496	0.0465789	0.0419467	0.0459047	0.0515625
a94	0.232208	0.199323	0.139818	0.104505	0.0818978	0.0663242	0.0530003	0.0419768	0.0396867	0.0412596
a35	0.164624	0.197706	0.16236	0.129901	0.085516	0.064622	0.0517983	0.0427377	0.0478225	0.0529127
a41	0.148866	0.17868	0.158255	0.132334	0.0989388	0.0750342	0.0584025	0.0446895	0.0500344	0.0547651
a14	0.122532	0.159121	0.150573	0.136337	0.109486	0.0873617	0.0683999	0.0504837	0.0553261	0.0603792
a69	0.109428	0.142873	0.141188	0.127968	0.112254	0.0952996	0.0764367	0.0568874	0.0638065	0.0738583
a53	0.0499156	0.0815935	0.120681	0.165038	0.151213	0.112193	0.0890453	0.0625986	0.0767847	0.0909365
a20	0.0511284	0.080431	0.116707	0.157608	0.14277	0.107958	0.091364	0.0654993	0.0841652	0.102369
a73	0.061198	0.0883097	0.104955	0.139051	0.122354	0.107056	0.0993335	0.0831013	0.093612	0.10103
a84	0.0498906	0.0825043	0.106996	0.156734	0.137061	0.112756	0.0963834	0.0730788	0.0855059	0.0990903
a57	0.0432551	0.0657662	0.0990114	0.133927	0.137317	0.102722	0.0903068	0.0700391	0.106733	0.150923
a40	0.0313727	0.0399143	0.0650241	0.105318	0.110545	0.101867	0.0992112	0.0872044	0.136791	0.222752
a30	0.0338035	0.0421591	0.0528803	0.0907839	0.107655	0.0905936	0.102222	0.104427	0.167321	0.208154
a35	0.0271658	0.0580063	0.0940944	0.138448	0.141955	0.114232	0.110598	0.0899444	0.111069	0.114487
a83	0.0433368	0.0605506	0.0828948	0.120162	0.121058	0.101309	0.100396	0.0859601	0.131087	0.153246
a62	0.0277978	0.0401788	0.0597456	0.110088	0.117802	0.104939	0.1131	0.102841	0.154578	0.168931
a24	0.0423383	0.0514189	0.0664453	0.109044	0.108074	0.0910145	0.0937675	0.0876221	0.155464	0.194812
a35	0.0285982	0.0361803	0.0458673	0.0802601	0.0895262	0.0880073	0.105232	0.113938	0.192161	0.22023
a94	0.0455012	0.0538038	0.0609717	0.097318	0.100245	0.0932389	0.102224	0.0980185	0.159903	0.188776
a53	0.0291587	0.0441445	0.0546309	0.0877315	0.0969086	0.096949	0.113293	0.112258	0.170341	0.194585
a76	0.0387157	0.0563421	0.0622777	0.0844925	0.09004	0.0887013	0.106796	0.106965	0.164182	0.201488
a73	0.080365	0.0925117	0.0792346	0.0827238	0.0709283	0.064096	0.0775	0.0887583	0.158133	0.20575
a57	0.0386996	0.04913	0.0495102	0.0635565	0.0696946	0.072931	0.094773	0.115563	0.193325	0.252817
a87	0.0221052	0.0201411	0.022927	0.0338911	0.0470412	0.0523908	0.0839173	0.118197	0.241747	0.357642
a23	0.0415703	0.0194128	0.0171492	0.026319	0.0445499	0.0617069	0.0939596	0.162067	0.24121	0.292055
a12	0.0430537	0.0181834	0.0164875	0.0238905	0.0462118	0.0733959	0.112367	0.178712	0.219558	0.26814
a96	0.0622954	0.0367625	0.0355525	0.0465158	0.0560334	0.058555	0.075397	0.113644	0.212126	0.303118
a83	0.0177323	0.0176318	0.0269264	0.0469031	0.0624443	0.070169	0.0952803	0.130571	0.241854	0.290488
a61	0.0195209	0.0214436	0.0296754	0.0488789	0.0628525	0.0721618	0.0996943	0.130904	0.236282	0.278586
a24	0.0162475	0.0178112	0.0256253	0.0439416	0.0576457	0.0628997	0.0855096	0.121889	0.254158	0.314272
a62	0.0108617	0.0121041	0.0167243	0.0283514	0.0383657	0.0467922	0.0722883	0.112903	0.285653	0.375957
a34	0.018926	0.0207606	0.0253736	0.0361535	0.0460309	0.0513534	0.0741762	0.113789	0.264109	0.349328
a98	0.0108729	0.0124402	0.0177434	0.0301241	0.0448502	0.0510927	0.0750649	0.115459	0.273288	0.369065
a92	0.0204185	0.022236	0.0269076	0.0384993	0.0534075	0.0566799	0.0801405	0.108046	0.249448	0.344217
a35	0.0117589	0.0123884	0.015394	0.0240462	0.0398847	0.0467541	0.0756539	0.114696	0.280537	0.378887
a24	0.0129989	0.0132926	0.016291	0.0233303	0.0348265	0.0373256	0.0614595	0.0999685	0.278191	0.422316
a62	0.0111239	0.00990574	0.0104876	0.0134309	0.0210529	0.0251732	0.0469686	0.0944725	0.296144	0.471241
a83	0.00645906	0.005905	0.00695135	0.011328	0.0207965	0.0260932	0.0478108	0.0951564	0.303257	0.476243
a13	0.0099395	0.00881025	0.00917222	0.0124301	0.0205394	0.0284845	0.052722	0.101378	0.29627	0.460254
a38	0.00829011	0.00765079	0.00823006	0.0114726	0.0185101	0.0270074	0.0509356	0.09996	0.28852	0.479424
a14	0.00860385	0.00692447	0.00709898	0.0097902	0.0157483	0.0237254	0.0483428	0.10629	0.296555	0.476921
a73	0.00533277	0.00670156	0.00769297	0.0109006	0.0186093	0.0247019	0.0549832	0.123258	0.310461	0.437358
a57	0.00366704	0.00465062	0.00555309	0.00831812	0.0141568	0.0181205	0.038893	0.0891306	0.306985	0.510525
a87	0.00553204	0.0050872	0.00534102	0.00674152	0.0117963	0.0187298	0.0422389	0.0938328	0.288625	0.522075
</S>	0.0189721	0.0126007	0.0114424	0.0149499	0.0285558	0.0462811	0.0825054	0.148903	0.273605	0.362185
