 	la	manière	dont	il	regarde	ma	femme	montre	qu'	il	a	un	problème	</S>
a87	0.260427	0.13694	0.10286	0.117983	0.100713	0.0526131	0.0391572	0.0305102	0.0339074	0.0275151	0.0258135	0.0243184	0.0224892	0.0247517
a10	0.167335	0.0771085	0.0436806	0.0333635	0.0262356	0.0339149	0.0650874	0.0983947	0.124101	0.0864559	0.0738647	0.0613957	0.0513701	0.0576929
a97	0.166009	0.147969	0.145602	0.0809843	0.0419907	0.0313769	0.0412996	0.0479532	0.0487647	0.0451567	0.0402329	0.0437147	0.0534202	0.0655268
a3	0.260758	0.223208	0.164507	0.048014	0.0229276	0.0172831	0.0253263	0.0301536	0.0361945	0.0361552	0.0348517	0.0341506	0.0346728	0.0317981
a99	0.29752	0.23445	0.13541	0.0306316	0.0192996	0.0156831	0.023922	0.026722	0.0347468	0.0369299	0.0415417	0.0397462	0.0353009	0.0280959
a62	0.280502	0.204244	0.115464	0.0240782	0.0210137	0.0233702	0.0379481	0.0407047	0.04603	0.0448759	0.0499957	0.0437929	0.0369291	0.0310512
a47	0.288723	0.286146	0.156359	0.028061	0.0171072	0.0176132	0.0264534	0.0257939	0.0278159	0.0247823	0.0237025	0.0228977	0.0218579	0.0326874
a62	0.248026	0.358167	0.200995	0.0262712	0.0153029	0.0172984	0.0251322	0.0221043	0.0208224	0.0161014	0.0131346	0.0116278	0.0100268	0.0149897
a21	0.260624	0.376455	0.185692	0.0234695	0.0154503	0.0171827	0.0229025	0.0196893	0.0180767	0.0140166	0.0113483	0.0106004	0.00998482	0.0145077
a47	0.188998	0.304135	0.226322	0.0434293	0.0265874	0.0304101	0.0377428	0.031755	0.0259774	0.0188637	0.0154225	0.0147279	0.0147115	0.0209175
a12	0.199011	0.224136	0.215284	0.0559351	0.0393213	0.0505101	0.0517308	0.0414912	0.0292165	0.0214163	0.0167463	0.0152046	0.0167958	0.0232017
a31	0.17434	0.184416	0.207612	0.0733687	0.0495908	0.0589332	0.0554916	0.0447409	0.03095	0.0244582	0.0202524	0.0192982	0.0225944	0.033954
a24	0.11548	0.128744	0.214128	0.111999	0.0738087	0.0668721	0.0553561	0.0473334	0.0352627	0.0298834	0.0254974	0.0247452	0.0289664	0.0419245
a21	0.0653854	0.0672413	0.145295	0.135833	0.103026	0.101422	0.0814205	0.0678127	0.0492021	0.0400364	0.0321128	0.0296484	0.0346739	0.0468901
a47	0.116754	0.0991571	0.181506	0.125796	0.0915908	0.0700636	0.060186	0.0538173	0.0426497	0.0375839	0.0299101	0.0279524	0.0279921	0.0350416
a21	0.0562004	0.0428169	0.0883697	0.155787	0.137644	0.126459	0.09534	0.0764079	0.0555582	0.0441435	0.0320814	0.0266893	0.0277895	0.0347133
a24	0.0505518	0.0411438	0.0689924	0.131041	0.126219	0.126334	0.100074	0.085809	0.0635015	0.0514161	0.0382676	0.0332689	0.0359824	0.0473984
a75	0.0292311	0.0248259	0.0456296	0.127817	0.140145	0.133269	0.0987977	0.0848789	0.0699732	0.0584163	0.0425501	0.0395685	0.0471551	0.0577427
a85	0.0303697	0.0181489	0.0299439	0.0607236	0.0836478	0.121719	0.113567	0.116154	0.088494	0.0792718	0.057219	0.0520887	0.0637217	0.0849311
a79	0.0194175	0.012789	0.0244344	0.0784173	0.0976568	0.110187	0.0965613	0.100942	0.0856	0.0826536	0.0604703	0.0587012	0.075456	0.0967134
a37	0.00733418	0.00571594	0.0111178	0.0479641	0.0855468	0.144277	0.131789	0.135027	0.0900515	0.0762265	0.0503903	0.0467182	0.0699594	0.0978823
a85	0.00733	0.00536822	0.0104542	0.0451437	0.0749842	0.139681	0.123692	0.135633	0.0930317	0.0794686	0.0521628	0.048771	0.0736304	0.110649
a79	0.00937562	0.00643147	0.0102905	0.0318633	0.0510545	0.0962551	0.0942542	0.13337	0.104566	0.107324	0.0739357	0.0664233	0.0890972	0.12576
a98	0.00562003	0.00451066	0.00829543	0.0312426	0.0565115	0.120159	0.112879	0.145893	0.101815	0.0929446	0.0581679	0.0528974	0.0814441	0.127619
a6	0.00811622	0.00697611	0.0104424	0.0273406	0.0424141	0.0814551	0.0829877	0.127626	0.0907419	0.0970395	0.0666379	0.0663965	0.113316	0.17851
a0	0.00948189	0.00786889	0.0107996	0.0255016	0.0403264	0.085874	0.0876425	0.127915	0.0919834	0.0963527	0.0679809	0.0672098	0.112432	0.168632
a88	0.00590842	0.00466336	0.00754404	0.0210074	0.0345782	0.0714952	0.0702737	0.0987702	0.0765573	0.0831707	0.0554114	0.0663011	0.149223	0.255096
a71	0.00547217	0.0033817	0.00707711	0.0215694	0.0377288	0.0960278	0.101031	0.135427	0.102764	0.0927627	0.0609476	0.0590993	0.106005	0.170707
a9	0.00509821	0.00298364	0.00475472	0.0133365	0.0271172	0.0942032	0.117015	0.174386	0.102595	0.0749992	0.0477993	0.0465226	0.0989709	0.190218
a3	0.0086509	0.00662312	0.00903013	0.0234899	0.0426015	0.10409	0.119633	0.191804	0.101772	0.0737071	0.0472624	0.0433581	0.0829581	0.14502
a97	0.0181876	0.0104923	0.0114524	0.0276835	0.0430679	0.0893197	0.115264	0.181997	0.128889	0.098944	0.0698049	0.0544603	0.0649217	0.0855167
a40	0.0258491	0.012776	0.0136531	0.0406354	0.0566821	0.0814947	0.110539	0.143861	0.11864	0.0921448	0.0786931	0.0669032	0.069408	0.0887211
a75	0.00207203	0.00261831	0.00437654	0.0127212	0.0169601	0.028116	0.0291073	0.0408997	0.043273	0.047459	0.0645958	0.105045	0.223771	0.378986
a37	0.001428	0.00155248	0.00335114	0.0177308	0.0381645	0.0713032	0.0615478	0.0695785	0.0589926	0.0560772	0.0596291	0.0860272	0.176996	0.297622
a61	0.0012857	0.00139604	0.00279672	0.0117231	0.0256877	0.0568197	0.0549043	0.0673547	0.0585551	0.0609234	0.0617954	0.0870907	0.186917	0.322751
a62	0.00289524	0.00272669	0.00373151	0.0114181	0.0225893	0.0505168	0.0517879	0.0716994	0.0668579	0.0781522	0.0883539	0.114711	0.165525	0.269035
a88	0.00278884	0.00285725	0.00452119	0.0168602	0.0342185	0.0722653	0.0718972	0.0896625	0.0815993	0.0875845	0.0962048	0.111986	0.136884	0.19067
a93	0.00155574	0.00152463	0.00282309	0.0109828	0.0218242	0.058687	0.0591837	0.0827263	0.0740785	0.0805327	0.0909433	0.11676	0.164906	0.233472
a4	0.000917274	0.00085905	0.00175274	0.00703216	0.0141138	0.0379545	0.0417688	0.0632616	0.0637295	0.0757499	0.0864074	0.120169	0.196961	0.289323
a57	0.000719377	0.000659422	0.00153074	0.00663935	0.013476	0.0379444	0.0435804	0.0686741	0.0667449	0.0755418	0.0822922	0.113139	0.192557	0.296501
a3	0.00049249	0.000382927	0.000855289	0.00439205	0.00906269	0.0416145	0.0579295	0.0933689	0.0739967	0.0725127	0.0750366	0.0998702	0.179726	0.29076
a97	0.00541901	0.00524386	0.00575096	0.0117421	0.0176733	0.0342426	0.0420307	0.0841312	0.0624156	0.0729715	0.0788044	0.114079	0.192974	0.272521
a87	0.0116043	0.00880815	0.00986042	0.0214616	0.0324942	0.0483479	0.0562182	0.0989033	0.085048	0.101657	0.104458	0.120438	0.138786	0.161915
a97	0.0165499	0.00890364	0.0097839	0.0315576	0.0431831	0.0558085	0.07647	0.115618	0.112136	0.115974	0.112094	0.104489	0.0932459	0.104186
a3	0.0265521	0.0125819	0.012439	0.0368032	0.0409954	0.0481355	0.072436	0.104968	0.107054	0.115164	0.113962	0.108039	0.0921023	0.108767
a97	0.0364324	0.0158881	0.0191234	0.033251	0.0347962	0.0444371	0.0752983	0.111087	0.111185	0.111109	0.10237	0.0973302	0.0940544	0.113637
</S>	0.0239045	0.0119939	0.0159541	0.0366545	0.0392862	0.053236	0.0841717	0.117071	0.11111	0.106782	0.0944912	0.0928774	0.0975134	0.114954
