 	les	vieux	oignent	leurs	cheveux	d'	huile	de	palme	pour	cacher	les	cheveux	blancs	</S>
a23	0.0874222	0.067023	0.1001	0.119055	0.11353	0.102536	0.0841589	0.0748223	0.0769736	0.0860881	0.0371261	0.0155926	0.0123506	0.0122357	0.0109869
a24	0.178341	0.119755	0.134092	0.081723	0.0901006	0.0799711	0.061962	0.0546452	0.0400178	0.0389418	0.0240462	0.0124516	0.0173873	0.0237179	0.0428471
a71	0.198186	0.201045	0.166797	0.0859848	0.0750431	0.0626819	0.0419283	0.0349697	0.0266829	0.0235184	0.0180518	0.00732817	0.0100008	0.0165522	0.0312292
a24	0.33905	0.256476	0.127973	0.0585756	0.0383499	0.0278435	0.0170665	0.0135865	0.00987206	0.00960348	0.00864744	0.00738284	0.0127998	0.0254293	0.0473439
a11	0.419945	0.212309	0.101983	0.062823	0.0458879	0.0365738	0.0248455	0.0205659	0.0145329	0.0135007	0.00774535	0.00527698	0.0076818	0.0114633	0.0148661
a56	0.301646	0.179293	0.132713	0.0920873	0.0516234	0.0407665	0.0289814	0.0291148	0.0272602	0.028044	0.019973	0.0149316	0.017062	0.0177247	0.018779
a66	0.227938	0.172888	0.14263	0.101482	0.0498342	0.0397402	0.0286467	0.0292831	0.0275733	0.0267162	0.0228611	0.0242908	0.0307313	0.0367072	0.0386767
a61	0.126577	0.127108	0.135886	0.12748	0.0641249	0.0525785	0.0407492	0.0448909	0.0456134	0.0459574	0.0391923	0.0342046	0.0367708	0.0381567	0.0407108
a31	0.12584	0.154723	0.144569	0.152435	0.0696273	0.0530775	0.0355247	0.0368944	0.0342487	0.0328193	0.0278476	0.0261809	0.0309103	0.0367746	0.038528
a66	0.10557	0.137005	0.14113	0.14937	0.0719326	0.0567562	0.0387939	0.041512	0.0405273	0.0396299	0.0290289	0.030447	0.0365904	0.0415283	0.0401791
a90	0.0501408	0.0793724	0.119817	0.148164	0.0831421	0.0703654	0.0533861	0.063049	0.0635797	0.0615816	0.0463785	0.0372727	0.0401193	0.0408869	0.0427445
a15	0.0556491	0.0820001	0.118563	0.142755	0.0862445	0.0791079	0.0651108	0.0698952	0.0610116	0.0524241	0.0310475	0.0302981	0.0339788	0.0430269	0.0488878
a20	0.0404781	0.0492546	0.0964733	0.107089	0.0687571	0.063013	0.0572264	0.0667134	0.0771126	0.0804746	0.0596479	0.0562632	0.0549948	0.0605461	0.0619562
a73	0.0196506	0.0217787	0.0454612	0.0926616	0.0822781	0.0881283	0.0919824	0.105376	0.111252	0.0952388	0.0518053	0.038326	0.0376961	0.0524164	0.0659483
a69	0.0105713	0.00970768	0.0196148	0.0588369	0.0664784	0.0828174	0.0966232	0.118378	0.135835	0.114814	0.0625757	0.0445678	0.0417272	0.0580405	0.0794119
a4	0.0197781	0.0178271	0.0270563	0.0603864	0.0788917	0.105913	0.12199	0.131134	0.121178	0.0889562	0.0464353	0.0299698	0.0283432	0.0459628	0.076178
a53	0.0172456	0.0170069	0.0281221	0.0518789	0.0635645	0.0848817	0.103902	0.109808	0.108889	0.0872813	0.0488045	0.0412424	0.0426976	0.0766728	0.118003
a54	0.0171153	0.0169385	0.0258982	0.0479247	0.0527015	0.0681841	0.0823047	0.0900701	0.0991895	0.0849638	0.0588775	0.0585329	0.0605348	0.099482	0.137282
a85	0.0177917	0.0129439	0.0171842	0.0254179	0.0349816	0.0495117	0.0657509	0.0654533	0.0662245	0.0554595	0.0452943	0.0776899	0.0966438	0.164082	0.205571
a43	0.0196612	0.0150654	0.015448	0.0335742	0.0481458	0.0621204	0.0725577	0.0734393	0.0823802	0.0720078	0.0556137	0.0788787	0.0966958	0.131201	0.143211
a11	0.0164325	0.0136316	0.0166104	0.034638	0.0467491	0.0647887	0.0836731	0.0938493	0.116442	0.0971086	0.0690079	0.0521322	0.0544482	0.0935308	0.146958
a75	0.0203216	0.0205311	0.0249061	0.0505592	0.0751642	0.0956606	0.113045	0.106731	0.106984	0.078266	0.048915	0.0328301	0.0344638	0.0654941	0.126129
a5	0.0354061	0.023679	0.0211491	0.0345837	0.0424331	0.0573597	0.0721417	0.0724241	0.0780182	0.0632091	0.0500371	0.0694083	0.0823097	0.130611	0.16723
a43	0.0332568	0.0216673	0.0210435	0.0357019	0.0456741	0.0653663	0.0848867	0.0869914	0.0908705	0.0749786	0.0523996	0.0542215	0.0575797	0.106893	0.168469
a11	0.0169041	0.0154474	0.016021	0.0355305	0.0580305	0.0805486	0.102726	0.0990125	0.0975423	0.0703053	0.0514969	0.0428613	0.0460557	0.0913444	0.176174
a24	0.0133815	0.0138888	0.0160098	0.0335992	0.0663891	0.0950657	0.123667	0.107284	0.105418	0.071341	0.0554371	0.0332663	0.0352693	0.0686659	0.161317
a31	0.0122888	0.0110883	0.0126561	0.0282047	0.0522171	0.0759244	0.106386	0.101677	0.10924	0.0796772	0.0675671	0.0569853	0.0561046	0.0839926	0.145991
a21	0.0300781	0.0239212	0.02508	0.043938	0.0634282	0.0855585	0.11189	0.103086	0.113597	0.0907683	0.0717063	0.065298	0.0547618	0.052883	0.0640055
a12	0.0433184	0.0294242	0.0328503	0.0456986	0.0633527	0.0803749	0.100107	0.0881905	0.0912427	0.0728363	0.056886	0.06911	0.0690041	0.0740644	0.0835395
a18	0.0316707	0.0238548	0.0284743	0.0457384	0.0621161	0.0770209	0.0998707	0.0887722	0.100257	0.0824894	0.071154	0.0775278	0.0696172	0.0671693	0.0742667
a25	0.0070156	0.0073938	0.00884669	0.0196175	0.0372928	0.0513744	0.0789655	0.0707776	0.069019	0.0501452	0.0526347	0.0907204	0.114758	0.150971	0.190468
a83	0.00905217	0.0074905	0.00782463	0.0151163	0.0308995	0.04506	0.0701482	0.064244	0.0690503	0.062372	0.0736995	0.101807	0.120111	0.135611	0.187514
a61	0.00530314	0.00450798	0.00575289	0.0114201	0.0237078	0.0343294	0.0489599	0.0420511	0.0387154	0.0300488	0.0364265	0.0721047	0.122657	0.200814	0.323202
a12	0.00466009	0.00427163	0.00645095	0.0141944	0.0240321	0.0316578	0.0459763	0.0457022	0.0558415	0.0528494	0.0658739	0.110486	0.153364	0.174462	0.210178
a31	0.00432384	0.00399772	0.00543458	0.0122566	0.0199815	0.0259975	0.0382916	0.0369686	0.04403	0.0401214	0.0537543	0.101081	0.162412	0.20722	0.244128
a24	0.00434988	0.00395114	0.00543753	0.010936	0.0185077	0.0242067	0.0358076	0.0339559	0.0411226	0.0376588	0.0509289	0.0951174	0.157477	0.23468	0.245863
a62	0.00241995	0.00230464	0.00231675	0.00508763	0.00864615	0.0112249	0.016489	0.016119	0.0190433	0.016713	0.0300751	0.0753698	0.155831	0.285413	0.352947
a0	0.00197601	0.00169711	0.00216115	0.00479495	0.00895236	0.0120705	0.0191048	0.0192675	0.0249783	0.0229253	0.035698	0.0794349	0.1626	0.280995	0.323344
a75	0.000886963	0.000899086	0.000856436	0.00187086	0.00348797	0.00466808	0.00758932	0.00774406	0.0101919	0.00977744	0.0219731	0.0611451	0.143147	0.321599	0.404164
a85	0.00302521	0.00361236	0.00359318	0.0071488	0.0142926	0.0189529	0.0232256	0.0224914	0.0234235	0.0189806	0.0306775	0.0707496	0.157741	0.261682	0.340404
a5	0.00731974	0.00689944	0.00598956	0.00928375	0.0170683	0.0239696	0.0322398	0.0325869	0.030976	0.0224137	0.026316	0.0717798	0.146299	0.256077	0.310781
a96	0.00375553	0.00378215	0.0039301	0.00715736	0.0135496	0.0178409	0.0229667	0.0198491	0.0192549	0.0142065	0.0190593	0.0542717	0.130357	0.27403	0.395989
a0	0.00142595	0.00162091	0.00171845	0.00324778	0.00630384	0.00877128	0.0122995	0.0114543	0.0127916	0.0101464	0.0170276	0.0399521	0.109985	0.294622	0.468634
a31	0.000539395	0.00072343	0.000854918	0.00175339	0.00383063	0.00550668	0.00778955	0.00685285	0.00713934	0.0054544	0.0117855	0.0271643	0.0873025	0.300883	0.532421
a0	0.00185901	0.00200271	0.0018783	0.00303835	0.00592263	0.00836361	0.0121115	0.0108477	0.0114805	0.00915392	0.0162318	0.0359979	0.0883591	0.276678	0.516075
a24	0.001031	0.00123331	0.00128108	0.00213911	0.00476923	0.00622606	0.00894429	0.00772415	0.00886795	0.00743405	0.0153632	0.0342787	0.0938528	0.290663	0.516192
a9	0.00157158	0.00200456	0.00226287	0.00415731	0.00992741	0.0126173	0.0168512	0.0141667	0.0143071	0.0114777	0.0196469	0.0355652	0.0899547	0.261807	0.503683
a10	0.0144028	0.01225	0.0107642	0.0138435	0.0294395	0.0393919	0.0496818	0.0414424	0.0413869	0.03418	0.0471317	0.0616325	0.111536	0.1834	0.309517
a87	0.0330506	0.0179503	0.0130769	0.0152558	0.03286	0.0404574	0.0491018	0.0463039	0.0487382	0.0428602	0.0458446	0.0554309	0.0981047	0.160956	0.300009
a23	0.0514706	0.0268989	0.0166134	0.0170601	0.0504836	0.0593127	0.0656432	0.0653577	0.0630163	0.061399	0.0558274	0.0393155	0.0741216	0.125201	0.228279
a87	0.0107544	0.00465079	0.00244286	0.0039594	0.0116427	0.0160699	0.0190377	0.0224046	0.0239363	0.0274013	0.0371294	0.0537183	0.131842	0.24972	0.385291
</S>	0.0102965	0.00464989	0.00296299	0.00578765	0.0162234	0.0201317	0.0212209	0.0227134	0.0234602	0.0239431	0.0372753	0.0543254	0.118831	0.243019	0.395159
