 	j'	avais	traversé	le	fleuve	en	pirogue	aujourd'	hui	je	vais	traverser	à	la	nage	</S>
a15	0.13221	0.12911	0.121817	0.0794617	0.0734441	0.0776675	0.0702774	0.0551283	0.0502168	0.0489443	0.0459972	0.0426836	0.0336124	0.0187594	0.0123323	0.00833812
a66	0.194377	0.107147	0.102008	0.0551688	0.0433871	0.0442159	0.0469115	0.0375318	0.0402886	0.0626627	0.0652728	0.0712228	0.0543948	0.0401356	0.0176374	0.0176382
a87	0.364764	0.161014	0.109005	0.0624339	0.0504095	0.0492377	0.0351439	0.0231349	0.0230465	0.0239847	0.019877	0.016842	0.0118401	0.00982044	0.0192364	0.0202095
a23	0.312457	0.16042	0.116301	0.0707118	0.0495719	0.0484639	0.037366	0.0288304	0.028666	0.0323963	0.0284702	0.026919	0.0199764	0.013808	0.0134981	0.0121444
a87	0.255786	0.133012	0.126319	0.0823833	0.0586449	0.0504434	0.0405655	0.0343844	0.034685	0.0356148	0.0297739	0.0275914	0.020878	0.0207212	0.0223253	0.026872
a23	0.220181	0.122819	0.135736	0.0950954	0.0696641	0.05712	0.045559	0.0387399	0.0365176	0.0390286	0.0343687	0.0310639	0.0237542	0.020317	0.0142486	0.015787
a13	0.23887	0.104428	0.11636	0.0755175	0.0489358	0.0436264	0.0418122	0.0412502	0.0401131	0.0438473	0.040113	0.0322063	0.0257477	0.0337732	0.0311494	0.0422497
a66	0.17725	0.127419	0.136389	0.0833914	0.0534265	0.0483996	0.0430731	0.0387422	0.0368538	0.0373109	0.0354001	0.0287096	0.0250263	0.0355541	0.0328135	0.0602416
a54	0.282668	0.189949	0.170785	0.0801833	0.0407178	0.0278022	0.0226007	0.0173397	0.0159783	0.0168287	0.0168201	0.0154134	0.0156515	0.0282465	0.0263911	0.032625
a30	0.208085	0.136245	0.14542	0.0822149	0.0507632	0.0429094	0.0376922	0.0285407	0.0260632	0.0251702	0.0206124	0.0171751	0.0168916	0.039912	0.0505533	0.071752
a85	0.159688	0.127284	0.150201	0.100944	0.0687359	0.059095	0.0470174	0.03198	0.0281294	0.0257179	0.0209047	0.0160402	0.0163775	0.0334891	0.053172	0.0612238
a5	0.0915197	0.107586	0.129709	0.113974	0.0978537	0.0859225	0.0622293	0.0447009	0.0400247	0.0325697	0.0264741	0.0203108	0.0194876	0.033419	0.0504419	0.0437768
a36	0.113975	0.126431	0.144871	0.132709	0.11436	0.0943132	0.0617768	0.0415872	0.034242	0.0275432	0.0223807	0.0182591	0.015759	0.0171373	0.0184752	0.0161809
a24	0.0582831	0.0798714	0.105519	0.119045	0.125093	0.111989	0.0799488	0.0570488	0.0515704	0.0426736	0.0387686	0.0331797	0.0284908	0.0267249	0.0215182	0.0202757
a12	0.0204353	0.0371895	0.0564762	0.09798	0.145474	0.167505	0.127725	0.0802011	0.0696992	0.0505894	0.0414208	0.0309637	0.0232472	0.0190705	0.0149918	0.0170326
a5	0.0116473	0.0231132	0.0394038	0.0810123	0.141767	0.183042	0.149573	0.0921137	0.0782893	0.0577793	0.0453467	0.0309211	0.0207012	0.0153494	0.013421	0.0165201
a75	0.00656537	0.0117878	0.0230567	0.0502492	0.104801	0.157605	0.151457	0.108218	0.101631	0.070232	0.0612761	0.0470979	0.0384918	0.0286303	0.0195485	0.0193528
a85	0.00289478	0.00630105	0.014553	0.028751	0.0612722	0.110178	0.143098	0.127751	0.132058	0.0931331	0.0790185	0.0548113	0.0458909	0.0348206	0.0292061	0.0362617
a5	0.00359292	0.00748177	0.0159231	0.0308291	0.0610808	0.104504	0.129829	0.117962	0.126849	0.0927037	0.0837321	0.0583101	0.0507188	0.030792	0.0364802	0.0492117
a21	0.00304516	0.00621188	0.0126172	0.0230156	0.0488221	0.0965289	0.137616	0.128193	0.132754	0.1007	0.0892603	0.0692843	0.0608476	0.0337258	0.0278736	0.0295047
a12	0.00481396	0.00793185	0.013441	0.0229032	0.0475474	0.0943945	0.141624	0.123907	0.118805	0.0984499	0.0906206	0.0767243	0.0678161	0.0355651	0.0305161	0.02494
a18	0.00284857	0.0053061	0.010853	0.0270943	0.0627998	0.117993	0.16474	0.141936	0.130866	0.0986298	0.0722698	0.0487454	0.0393475	0.0210485	0.0256449	0.0298776
a35	0.00625671	0.0077354	0.0168487	0.0342807	0.0572005	0.111047	0.149415	0.140542	0.132372	0.110133	0.0721711	0.0393298	0.0254932	0.0132275	0.026773	0.0571747
a25	0.00208254	0.00286912	0.00633911	0.0172942	0.0416222	0.0996573	0.15238	0.149453	0.146666	0.103995	0.0693292	0.0372735	0.0325188	0.0197816	0.0337588	0.0849805
a56	0.00561084	0.0055355	0.00992865	0.0226285	0.0442927	0.10177	0.146079	0.15032	0.148185	0.100407	0.0594414	0.0313921	0.0262564	0.0163775	0.0414944	0.0902807
a75	0.0031323	0.00376832	0.0065285	0.016861	0.0414204	0.0924454	0.128407	0.137761	0.139678	0.0943969	0.0668565	0.0431288	0.0473748	0.0353946	0.0509193	0.0919271
a85	0.0035999	0.00491904	0.00902657	0.0194561	0.0434063	0.0799389	0.104207	0.0936244	0.0970072	0.0820776	0.0638403	0.0447235	0.050288	0.0442902	0.0973811	0.162214
a6	0.00270616	0.00369277	0.00644606	0.0120561	0.0224548	0.0486709	0.0917205	0.106129	0.116073	0.0898133	0.0649113	0.0437862	0.0475681	0.039908	0.112357	0.191707
a36	0.00316271	0.00415037	0.00670577	0.0137944	0.029019	0.0560082	0.0860385	0.0956722	0.107144	0.0827348	0.0617372	0.0457455	0.0544613	0.0502439	0.132134	0.171249
a27	0.0122015	0.0114165	0.0158582	0.0283481	0.0466601	0.079893	0.0971468	0.0998273	0.110564	0.0777167	0.0518977	0.031105	0.0304191	0.0282046	0.134842	0.1439
a57	0.0310919	0.0248145	0.0330667	0.0527286	0.0706661	0.108298	0.114552	0.105285	0.105866	0.0657127	0.0402113	0.0246243	0.0211453	0.0158387	0.0849536	0.101146
a87	0.0476994	0.0246324	0.0312286	0.0352685	0.0402078	0.0583393	0.0696833	0.0764078	0.0731277	0.0639413	0.0425717	0.0339015	0.0351188	0.0370586	0.149246	0.181567
a23	0.0570386	0.0296581	0.0425574	0.0291217	0.023555	0.0296649	0.0418859	0.0535116	0.0560404	0.0621752	0.0479858	0.043732	0.0533509	0.0811792	0.167875	0.180668
a9	0.00981611	0.00604498	0.0110535	0.00984574	0.0117262	0.021617	0.039311	0.0477563	0.0576251	0.0799697	0.0640264	0.0617836	0.0675331	0.102168	0.200114	0.209609
a75	0.00297725	0.00275515	0.00739501	0.0103697	0.0157665	0.0326184	0.0519896	0.078694	0.0794447	0.0816958	0.0620861	0.0437738	0.0536503	0.0973991	0.192924	0.186461
a47	0.002267	0.00217551	0.00566715	0.00905594	0.0150562	0.0309477	0.0467214	0.0703928	0.066414	0.0608056	0.0493939	0.0396057	0.0532469	0.108223	0.202412	0.237615
a36	0.000567542	0.000813481	0.00244603	0.00466394	0.00839503	0.0202562	0.0303449	0.0443497	0.0424421	0.0350617	0.0268613	0.0205296	0.0297902	0.0792266	0.308992	0.34526
a15	0.00149289	0.00106705	0.00185175	0.00302314	0.00628302	0.0149452	0.0253219	0.0373954	0.0372603	0.0374775	0.0313254	0.0250222	0.0336705	0.0841303	0.29258	0.367154
a25	0.00135204	0.00139445	0.00247136	0.00442719	0.00885968	0.0202479	0.0317268	0.0445716	0.0464506	0.0380883	0.0297026	0.0246958	0.0326118	0.0684088	0.347713	0.297278
a79	0.00066484	0.000668728	0.00106754	0.00218573	0.00545472	0.0152743	0.02771	0.0407643	0.0440906	0.0333241	0.0250867	0.0189754	0.0269302	0.0594542	0.330136	0.368213
a85	0.000860289	0.00104086	0.00181654	0.00358652	0.00754306	0.0182439	0.0289907	0.0396162	0.0404831	0.0314882	0.0257412	0.0216192	0.0289649	0.0594302	0.311039	0.379536
a5	0.000491635	0.000665633	0.00167126	0.00337857	0.00646595	0.016174	0.0270969	0.0355815	0.037635	0.0298738	0.0251209	0.0200319	0.0258953	0.0468988	0.300056	0.422963
a18	0.00069185	0.000856162	0.00153784	0.00314226	0.00743297	0.0212494	0.0435703	0.0645265	0.0734117	0.0629015	0.0544351	0.0462164	0.0607324	0.0965309	0.190022	0.272743
a47	0.00155638	0.00160785	0.00222975	0.00487001	0.0103113	0.0267198	0.050314	0.0684385	0.0794469	0.0658823	0.0449805	0.0311168	0.0341546	0.053825	0.183867	0.340679
a21	0.00187899	0.00213404	0.00336625	0.00759904	0.0149378	0.0357698	0.0607313	0.0741	0.0785637	0.0685867	0.0450103	0.0309146	0.0336428	0.0522957	0.167609	0.32286
a5	0.00101304	0.00115406	0.00195881	0.00374812	0.00702776	0.0180946	0.0352877	0.0495982	0.0532808	0.0516272	0.0396461	0.0327233	0.0408887	0.0658127	0.205539	0.3926
a61	0.00158734	0.00177957	0.0029439	0.00600395	0.0107183	0.0251683	0.0407742	0.0517827	0.0522449	0.0388804	0.026507	0.018345	0.023151	0.039349	0.18291	0.477854
a88	0.00230719	0.00251888	0.00382036	0.00710105	0.0112924	0.0237999	0.0365223	0.0443395	0.0450846	0.033731	0.0238786	0.0173625	0.020906	0.0332185	0.183865	0.510252
a0	0.00190832	0.00191352	0.00289244	0.00555304	0.00852653	0.0175543	0.0267798	0.0323637	0.0321643	0.0237483	0.0158941	0.0103892	0.0122123	0.0209605	0.148038	0.639101
a75	0.00455822	0.00387838	0.00543359	0.0101662	0.0149418	0.0267119	0.0341804	0.0389462	0.0380927	0.0273324	0.018136	0.0107394	0.0111971	0.0234237	0.184804	0.547458
a85	0.001678	0.00182583	0.00308593	0.00592301	0.0094803	0.0195338	0.0288673	0.0364118	0.0386486	0.0296478	0.0223456	0.0149099	0.0188216	0.0311565	0.186133	0.551531
a47	0.000989463	0.00101715	0.00179477	0.00433917	0.00825755	0.0193737	0.0293485	0.0393666	0.0475184	0.0329298	0.0244848	0.0161718	0.022111	0.0338973	0.169061	0.549339
a36	0.00548273	0.00485624	0.00678011	0.0144651	0.0223825	0.0370646	0.040981	0.0485814	0.0509999	0.0363201	0.0233393	0.0124996	0.016298	0.0339786	0.148766	0.497205
a2	0.0218258	0.0171393	0.0239441	0.0349126	0.0391503	0.0554439	0.0566588	0.0615743	0.0592535	0.0436974	0.0277771	0.0157761	0.0198922	0.0424045	0.160493	0.320057
a57	0.0481142	0.0348859	0.040622	0.0467497	0.0566594	0.0724751	0.0774946	0.0838653	0.0746399	0.0578204	0.0400997	0.0279018	0.0358616	0.0553006	0.104078	0.143431
a87	0.129823	0.0518607	0.0458823	0.0388592	0.0434272	0.052337	0.0537424	0.0601839	0.0594932	0.0527661	0.0400764	0.0331096	0.0450692	0.0564658	0.102782	0.134122
a23	0.113764	0.0487135	0.0504579	0.0426265	0.0432009	0.0486301	0.0526698	0.0566532	0.0636208	0.0670614	0.0545241	0.0555691	0.0684629	0.0675287	0.0689826	0.0975342
a87	0.0362571	0.0159947	0.0162136	0.0184507	0.024567	0.032506	0.0357219	0.0532879	0.0745129	0.0712029	0.0591096	0.0643551	0.0769113	0.075788	0.109668	0.235453
</S>	0.0103099	0.00452685	0.00532529	0.00686341	0.00938583	0.0170344	0.0202351	0.0272593	0.0308993	0.0243921	0.0198789	0.0171379	0.020375	0.0360245	0.188878	0.561475
