 	si	on	commence	le	travail	c'	est	bien	lui	qui	se	fatiguera	le	premier	</S>
a66	0.0899016	0.0860088	0.0798155	0.0675573	0.0644143	0.0915624	0.0888552	0.0990323	0.0850333	0.109821	0.092295	0.0311001	0.00711955	0.0042332	0.00325043
a87	0.192871	0.157973	0.155186	0.102464	0.0868491	0.0596681	0.048845	0.0463014	0.0413679	0.0469351	0.029878	0.0135446	0.00690534	0.00590072	0.0053104
a23	0.226468	0.190675	0.165805	0.0923451	0.0592205	0.0462737	0.0491339	0.0486449	0.0393679	0.0443727	0.0248662	0.00485901	0.00215148	0.00211327	0.00370285
a87	0.190941	0.195591	0.182665	0.0973865	0.0524973	0.0452854	0.0436713	0.0481735	0.0459826	0.0474466	0.029366	0.00874227	0.00347434	0.00278757	0.00598911
a23	0.168881	0.158256	0.139104	0.0825384	0.0553108	0.0556766	0.0589609	0.0689556	0.0689955	0.0688579	0.0442628	0.0145827	0.00580981	0.00391251	0.00589478
a87	0.18676	0.165751	0.133832	0.0697287	0.0487756	0.0434524	0.043412	0.05334	0.0602637	0.0674483	0.0481897	0.018098	0.0156237	0.0187735	0.0265513
a23	0.182928	0.157282	0.130777	0.0747541	0.05075	0.0452075	0.0441925	0.0540224	0.0615288	0.0673129	0.051124	0.0218804	0.0184147	0.0173709	0.0224541
a53	0.201788	0.163334	0.124897	0.0675997	0.0445105	0.0338946	0.0330075	0.0414918	0.0491457	0.0539809	0.0440908	0.0213538	0.0278958	0.0386366	0.0543721
a20	0.276058	0.229994	0.18683	0.0902233	0.0426609	0.0241763	0.0175936	0.0199157	0.016672	0.0218767	0.0153849	0.00665993	0.0113487	0.0222992	0.0183064
a6	0.161792	0.140161	0.134077	0.0997661	0.0697683	0.0503957	0.0425961	0.0483857	0.0379139	0.0413884	0.0292442	0.0262905	0.0308845	0.0532323	0.0341042
a37	0.0847905	0.0835401	0.103069	0.109288	0.101017	0.0808313	0.0661775	0.0681462	0.0533723	0.0554806	0.0383531	0.0380099	0.0333164	0.0532616	0.0313461
a5	0.108771	0.0982894	0.103459	0.117719	0.123573	0.0930582	0.0685515	0.0661028	0.0499947	0.0521327	0.0364277	0.0310709	0.0154284	0.0186942	0.0167283
a37	0.0769685	0.070667	0.0792553	0.100985	0.114152	0.0977339	0.0784446	0.0811969	0.068232	0.0745269	0.0582673	0.0510142	0.0188088	0.0160768	0.0136707
a54	0.0407233	0.040766	0.0568409	0.0922547	0.115334	0.107526	0.0903976	0.0970081	0.0844365	0.0908799	0.0694859	0.0614471	0.0205343	0.0166558	0.01571
a6	0.0187112	0.0197384	0.0351986	0.082398	0.131735	0.118264	0.0918556	0.0935711	0.07917	0.0807002	0.0684295	0.0694575	0.030415	0.0353292	0.0450264
a37	0.0188782	0.0202529	0.0352034	0.0793842	0.112397	0.107468	0.0860947	0.0869593	0.0791369	0.0869442	0.0740007	0.0753336	0.0373112	0.0453603	0.0552744
a62	0.0128506	0.0146356	0.0247398	0.0578638	0.0880718	0.113152	0.104212	0.110919	0.101816	0.113367	0.0880241	0.0773696	0.0314176	0.0287742	0.0327868
a88	0.00701293	0.00827012	0.0141103	0.0359607	0.0630953	0.111886	0.122145	0.134137	0.123236	0.138128	0.104243	0.0765776	0.024749	0.0173938	0.0190557
a0	0.00517081	0.00583484	0.00907085	0.0224644	0.0494047	0.106953	0.138301	0.154905	0.131885	0.134037	0.0970649	0.0686428	0.0206313	0.0216875	0.0339466
a75	0.00586367	0.0067953	0.0104501	0.0212995	0.0405748	0.0897226	0.131091	0.154947	0.137584	0.136259	0.106305	0.0765066	0.0233431	0.0226741	0.0365846
a85	0.00590467	0.00691515	0.0100407	0.0211753	0.0347254	0.0636998	0.0806181	0.0926856	0.0988745	0.121345	0.105928	0.0988038	0.0743201	0.0807062	0.104258
a6	0.00591962	0.00668525	0.00886814	0.0162514	0.0283321	0.0595831	0.0798812	0.0907786	0.094493	0.108384	0.100173	0.100692	0.0799209	0.0856454	0.134393
a54	0.0024901	0.00297373	0.00475267	0.0114897	0.0237921	0.0603725	0.0996154	0.116229	0.120135	0.12057	0.121334	0.105161	0.0554222	0.0631373	0.0925259
a47	0.00270971	0.0030868	0.004415	0.00958228	0.0168799	0.0303013	0.0448567	0.0592081	0.0786676	0.0845593	0.104199	0.104452	0.093952	0.148879	0.214252
a36	0.00354515	0.00386944	0.00494938	0.00933762	0.0176712	0.0349245	0.062524	0.0812342	0.108381	0.103452	0.125521	0.093729	0.0609473	0.098311	0.191603
a2	0.00448013	0.00477684	0.00693575	0.0109621	0.0186087	0.0327103	0.0527867	0.0726776	0.104432	0.0888904	0.124303	0.115327	0.0655705	0.110946	0.186593
a57	0.0129819	0.0133344	0.0160523	0.0180976	0.0261814	0.0375395	0.0589357	0.0833755	0.121799	0.117707	0.159109	0.136264	0.0334851	0.0474538	0.117684
a87	0.0163972	0.01556	0.0176407	0.020239	0.0295152	0.0402825	0.0603506	0.0850419	0.127045	0.129314	0.158505	0.134849	0.0312387	0.0416703	0.0923506
a79	0.0331327	0.0270038	0.0267595	0.0222938	0.0335744	0.0360264	0.0568716	0.0869179	0.128698	0.115976	0.102983	0.0831617	0.0482696	0.0897317	0.108601
a69	0.0130495	0.00997859	0.00994821	0.00837643	0.0121042	0.0131436	0.0201085	0.0319282	0.0506395	0.0556021	0.0473969	0.0512056	0.099547	0.252561	0.324411
a58	0.00325597	0.00289875	0.00324072	0.0046764	0.00628421	0.00722025	0.0104998	0.0160044	0.025082	0.0290226	0.0315945	0.0428583	0.0805927	0.351257	0.385512
a53	0.000954341	0.000905699	0.00121192	0.00240347	0.0047889	0.00806402	0.0145213	0.022657	0.0349755	0.0378561	0.0376892	0.0554775	0.0786373	0.291086	0.408772
a69	0.00344467	0.00310267	0.00315453	0.00444091	0.00613539	0.0101304	0.0171746	0.026239	0.0421915	0.0547848	0.0636523	0.0628891	0.0722092	0.242899	0.387552
a4	0.00112349	0.00123724	0.00173861	0.0035542	0.00606646	0.0110493	0.018478	0.0272494	0.0449177	0.0585977	0.0694044	0.0779465	0.0809546	0.236631	0.361051
a30	0.000766427	0.000872343	0.00121136	0.00248573	0.00448926	0.00866008	0.0144709	0.0216108	0.0357114	0.0444459	0.0512333	0.0651028	0.0847427	0.248351	0.415846
a4	0.000364554	0.000375243	0.000554674	0.00114679	0.00272759	0.00436847	0.00777454	0.0127446	0.0233656	0.0239482	0.0285132	0.0423635	0.0730631	0.279317	0.499373
a11	0.000498247	0.000576117	0.000833552	0.00168901	0.003412	0.00579748	0.00900173	0.0124571	0.0205015	0.0223853	0.0243582	0.0388308	0.0857118	0.290028	0.48392
a93	0.000542774	0.000664925	0.00103944	0.00181834	0.00387876	0.0059551	0.00879959	0.0121773	0.0200521	0.0206159	0.0210901	0.0397368	0.0865374	0.295815	0.481276
a70	0.000337659	0.000402672	0.000553502	0.00107266	0.00231095	0.0036748	0.0054	0.00741025	0.013009	0.0143971	0.0165569	0.0321358	0.069549	0.274395	0.558795
a13	0.00030685	0.000391886	0.000581801	0.000990231	0.00229245	0.00334393	0.00493605	0.0065658	0.0106066	0.0103176	0.0108599	0.0238034	0.0548591	0.236851	0.633294
a38	0.000413616	0.000483044	0.000696593	0.00114617	0.00280335	0.0047623	0.0080157	0.0119988	0.0196544	0.0187972	0.0221298	0.0420846	0.0752369	0.225173	0.566604
a50	0.000292682	0.000343804	0.000519097	0.000925483	0.00229694	0.00365319	0.00586157	0.00794561	0.0123158	0.0111648	0.014507	0.0353491	0.0863867	0.24988	0.568558
a70	0.000498124	0.000582882	0.000806756	0.00146158	0.00372956	0.0056824	0.00877684	0.0111146	0.0152323	0.01286	0.0146144	0.0357314	0.0858015	0.227671	0.575437
a93	0.000305719	0.00036535	0.000510613	0.00091307	0.00223081	0.00354381	0.00568869	0.00750437	0.0105146	0.00866907	0.00951438	0.0246671	0.0564675	0.208924	0.660181
a69	0.000290896	0.000346644	0.000480204	0.000845206	0.00187919	0.00296874	0.00466499	0.0061749	0.00925009	0.0084217	0.010084	0.0259464	0.0664783	0.234728	0.627441
a44	9.32245e-05	0.000114592	0.000177588	0.00034181	0.000818953	0.00135183	0.00209304	0.00260875	0.0043257	0.0041309	0.00601702	0.0190558	0.0618361	0.231346	0.665689
a57	0.000124271	0.000151867	0.000242734	0.000478939	0.00116253	0.00194816	0.00316237	0.00411435	0.00653998	0.0059763	0.00847492	0.0256692	0.0829499	0.221979	0.637025
a82	0.000421566	0.00039718	0.00048299	0.000656602	0.00160173	0.00216232	0.00383475	0.00575121	0.00896767	0.00688657	0.0106438	0.0264561	0.0776507	0.204776	0.649311
a99	0.0104065	0.00925332	0.0090788	0.00862121	0.0135887	0.0121969	0.0165636	0.0181098	0.0217443	0.0206201	0.0284257	0.0645128	0.156159	0.236759	0.37396
a87	0.034754	0.0277843	0.0264098	0.0200019	0.0270081	0.0218274	0.0266263	0.0295852	0.0363602	0.035016	0.042201	0.0875816	0.12278	0.176351	0.285714
a23	0.0861125	0.0714251	0.0737728	0.049982	0.0581746	0.045117	0.0517606	0.0507686	0.0636	0.0783425	0.0983277	0.0738191	0.0578844	0.062184	0.0787291
a87	0.04837	0.0373231	0.0402611	0.0326996	0.0394079	0.030978	0.0388949	0.0476427	0.0797622	0.0993089	0.104754	0.114071	0.0801202	0.0905264	0.11588
</S>	0.0199033	0.0160971	0.0210691	0.0212767	0.0338993	0.0327324	0.0495348	0.0629084	0.0865845	0.085125	0.0768906	0.0785999	0.0637807	0.123647	0.227952
