 	la	seule	personne	qui	m'	offre	des	choses	dans	ce	village	c'	est	ondongo	</S>
a66	0.209738	0.191316	0.126185	0.0836588	0.079106	0.0539067	0.0534933	0.0490437	0.0490148	0.0349913	0.0230486	0.0184003	0.0119583	0.00896707	0.00717225
a87	0.598302	0.203766	0.061121	0.0215606	0.0162971	0.00862443	0.00732118	0.00980225	0.00861809	0.00742778	0.00819587	0.0116163	0.00990818	0.0134787	0.0139607
a23	0.413402	0.12836	0.0793008	0.0599113	0.0661469	0.049641	0.0278782	0.0305276	0.0219726	0.014338	0.0127595	0.0154021	0.0166238	0.0272317	0.0365045
a79	0.120382	0.0365368	0.0327155	0.0423664	0.0655946	0.0734104	0.0599932	0.0678709	0.055644	0.0472429	0.0469328	0.0592871	0.0574114	0.0875887	0.147023
a4	0.0621656	0.0275722	0.0380044	0.0518362	0.0620374	0.0591227	0.0659355	0.0910442	0.0724798	0.0671362	0.0653685	0.0746464	0.0730968	0.0845562	0.104998
a58	0.2421	0.18543	0.149987	0.0945448	0.0903709	0.0617822	0.034146	0.0350827	0.0241165	0.0182796	0.01427	0.0151378	0.0118468	0.0107882	0.0121179
a54	0.142462	0.1203	0.166295	0.140136	0.15147	0.11232	0.0447182	0.0324003	0.0217827	0.0144111	0.012397	0.0131286	0.00983602	0.00795214	0.0103903
a79	0.0712496	0.10012	0.15949	0.131883	0.1346	0.116007	0.0665316	0.0550805	0.0430033	0.0312454	0.0226918	0.0216416	0.0163048	0.0130876	0.017064
a37	0.0558579	0.0966371	0.174616	0.156481	0.151991	0.116904	0.0540589	0.0381777	0.0323937	0.0231852	0.0175647	0.0199304	0.0166701	0.0172812	0.0282525
a98	0.0364093	0.0412737	0.087276	0.118987	0.176954	0.19566	0.102965	0.0747319	0.049665	0.0276236	0.0186848	0.0168145	0.0149623	0.0165823	0.0214114
a6	0.0355327	0.0552742	0.114465	0.135764	0.143321	0.117649	0.0782522	0.0652006	0.0634715	0.0444603	0.0320475	0.0290174	0.0222163	0.0265856	0.0367421
a75	0.0509772	0.0573462	0.0791962	0.0918171	0.106277	0.0940789	0.0762055	0.0783293	0.0813454	0.063186	0.0494416	0.0426561	0.0342722	0.0422238	0.0526473
a98	0.0206572	0.0264846	0.0477247	0.0765132	0.102666	0.0912975	0.0849079	0.0884903	0.103772	0.0789379	0.0662937	0.0602676	0.0461082	0.0496315	0.0562474
a6	0.0182145	0.0272211	0.0494236	0.0769201	0.101726	0.0859919	0.0790759	0.0790048	0.0951073	0.0749399	0.0679613	0.0700503	0.0546827	0.0566245	0.0630564
a7	0.0109159	0.0141605	0.0233591	0.0446326	0.0644653	0.0726578	0.0895588	0.0956983	0.122605	0.101298	0.0790958	0.0653873	0.0542245	0.0700944	0.091847
a44	0.00935218	0.0104007	0.0115007	0.017489	0.0229307	0.0243805	0.0480083	0.0696953	0.123693	0.134559	0.120037	0.0960452	0.0792099	0.0989837	0.133715
a93	0.00962585	0.0104008	0.00897838	0.00991792	0.0118465	0.0133398	0.0265355	0.042867	0.0902785	0.124173	0.141559	0.134793	0.112429	0.119046	0.14421
a96	0.00472821	0.00551119	0.00463337	0.00528202	0.00680408	0.00837367	0.0164763	0.028595	0.0662101	0.106026	0.144552	0.158443	0.144311	0.145859	0.154195
a93	0.00343793	0.00461261	0.00392417	0.00364682	0.0041986	0.00505469	0.0100634	0.018247	0.044761	0.0805963	0.131331	0.157029	0.15798	0.178318	0.1968
a56	0.00215195	0.00263917	0.00211638	0.00208819	0.00253221	0.00309961	0.00612864	0.0117295	0.0308598	0.0615812	0.111306	0.147603	0.186681	0.222661	0.206822
a93	0.000990331	0.00134592	0.00124128	0.00122172	0.00136827	0.00155548	0.00328015	0.00639072	0.0160389	0.0348255	0.0743461	0.106472	0.17173	0.285175	0.294019
a4	0.000868807	0.00114466	0.00107508	0.00111494	0.00128534	0.00159369	0.00340172	0.00667563	0.0158908	0.0331758	0.0674317	0.0991862	0.160389	0.289641	0.317126
a13	0.000258473	0.000370017	0.000357341	0.000438677	0.000439391	0.000516505	0.00128651	0.00274835	0.00660633	0.0164945	0.043768	0.0720699	0.143031	0.320744	0.390871
a38	0.000172774	0.000241468	0.000286289	0.000413208	0.000403202	0.000523771	0.00150839	0.00269741	0.00475745	0.0103243	0.0259787	0.0537055	0.136345	0.351384	0.411259
a13	0.000632396	0.000784388	0.000642846	0.000798513	0.000746831	0.00114864	0.00291262	0.00435511	0.00638466	0.0122306	0.0280517	0.0546743	0.147009	0.354106	0.385523
a99	0.00160159	0.00235199	0.00215285	0.00340848	0.00364678	0.00497586	0.0103076	0.0138655	0.0189763	0.0317599	0.0612505	0.0851178	0.175409	0.292564	0.292612
a87	0.00185682	0.00262736	0.00246609	0.00349879	0.00373004	0.0051891	0.0105293	0.0143303	0.0186308	0.0319062	0.0605234	0.0777086	0.16851	0.304322	0.294171
a23	0.15424	0.0768841	0.0414914	0.027553	0.0209373	0.0164995	0.0208767	0.0267719	0.0348942	0.0449939	0.0692168	0.0775229	0.110904	0.137724	0.13949
a99	0.0451836	0.0170199	0.00982874	0.00654046	0.00431261	0.00328168	0.00456581	0.00671786	0.0103104	0.0213948	0.0414808	0.0752233	0.142995	0.258699	0.352446
a97	0.0162604	0.00663895	0.00461761	0.00372919	0.00280914	0.00237142	0.00331369	0.00508107	0.00954268	0.0216436	0.0431135	0.078411	0.142406	0.268003	0.392059
</S>	0.0178614	0.00877642	0.00578531	0.00560734	0.00593856	0.00453339	0.00514164	0.00669079	0.012482	0.0231906	0.039788	0.0755436	0.127709	0.277164	0.383788
