 	la	manière	dont	il	a	quitté	la	maison	cache	quelque	chose	</S>
a66	0.0706254	0.0574035	0.0592624	0.111035	0.147098	0.169491	0.132348	0.103925	0.10068	0.0259802	0.0118884	0.0102633
a87	0.298034	0.178989	0.107846	0.08412	0.0692882	0.0580127	0.0467044	0.0442607	0.0454707	0.0229318	0.0233138	0.0210286
a23	0.271125	0.186149	0.0919201	0.073157	0.0686356	0.0641141	0.0498197	0.0613543	0.0813154	0.023178	0.0152465	0.013985
a87	0.220825	0.276442	0.175474	0.071943	0.0543894	0.0499009	0.0325962	0.0374949	0.0416304	0.0132594	0.010807	0.0152371
a23	0.160667	0.258779	0.18267	0.0869495	0.0734411	0.065797	0.0401293	0.0435534	0.0539855	0.0156152	0.0094269	0.00898631
a83	0.194025	0.279944	0.208012	0.0754215	0.0518382	0.0392609	0.0297204	0.0309864	0.0396004	0.0195123	0.0145426	0.0171362
a9	0.305233	0.237936	0.190718	0.0845235	0.0547881	0.0383521	0.0227592	0.0169357	0.0150442	0.0109844	0.0107372	0.0119893
a83	0.354102	0.2588	0.181238	0.0714222	0.0442031	0.0312498	0.0156337	0.010678	0.00817672	0.00982474	0.00840666	0.00626533
a66	0.290181	0.285573	0.211472	0.0706067	0.0445562	0.0315639	0.0162919	0.0117618	0.00942706	0.0112491	0.0104143	0.00690247
a61	0.184604	0.221637	0.220135	0.101716	0.0764842	0.0576257	0.0298224	0.0240484	0.0190439	0.0217169	0.0243182	0.018849
a96	0.137385	0.167364	0.208829	0.139866	0.119794	0.0865603	0.0393989	0.0289685	0.0215262	0.0215627	0.0180857	0.0106595
a56	0.138913	0.152894	0.20148	0.145723	0.122202	0.0907019	0.0451169	0.0349376	0.0241184	0.0176951	0.0155435	0.010674
a24	0.094641	0.116594	0.172928	0.158321	0.146854	0.119486	0.062748	0.048238	0.0327975	0.0176358	0.0162816	0.0134761
a21	0.063091	0.0902318	0.136354	0.145068	0.141755	0.126051	0.0790703	0.0744197	0.0497208	0.0280558	0.0329424	0.0332397
a12	0.0304477	0.0477581	0.102347	0.153215	0.159394	0.154076	0.103621	0.0987269	0.069762	0.0280376	0.0266934	0.0259203
a96	0.0209384	0.0374197	0.0738922	0.130772	0.150026	0.16736	0.130395	0.125074	0.086906	0.0294056	0.0250883	0.0227225
a94	0.015684	0.028244	0.0595034	0.128909	0.153581	0.173304	0.134298	0.127477	0.0881459	0.0319351	0.0288702	0.0300482
a70	0.012121	0.0188352	0.0359608	0.111256	0.157288	0.171748	0.14558	0.129308	0.114922	0.0427312	0.0302642	0.0299849
a96	0.00946249	0.0122823	0.0218931	0.0951126	0.161369	0.176176	0.155896	0.128363	0.127538	0.0461238	0.0316799	0.0341033
a90	0.00706926	0.0120865	0.0226824	0.072019	0.122036	0.167992	0.152017	0.142007	0.118657	0.0614223	0.0542929	0.0677176
a92	0.00350456	0.00626338	0.0119184	0.0420279	0.0823226	0.121409	0.141072	0.149027	0.129864	0.100937	0.0924906	0.119163
a37	0.00336825	0.00619387	0.0108313	0.0372574	0.0720305	0.111578	0.147209	0.15794	0.130889	0.102811	0.094562	0.125329
a21	0.00422821	0.00644633	0.0110502	0.0400114	0.0772527	0.113378	0.157054	0.158918	0.158248	0.0925339	0.0727964	0.108083
a47	0.00462156	0.00622638	0.00870293	0.0219568	0.0382979	0.0710186	0.118752	0.169966	0.155061	0.121439	0.118589	0.165369
a21	0.00609032	0.011137	0.0180495	0.0439981	0.0660054	0.104993	0.15165	0.160284	0.130526	0.0913549	0.0880915	0.127819
a47	0.00447081	0.00666214	0.0100096	0.023776	0.0385224	0.0682698	0.118489	0.161766	0.153786	0.126597	0.120484	0.167167
a31	0.00628972	0.0108392	0.0173499	0.0393548	0.0558519	0.0872572	0.136881	0.152098	0.130495	0.0982938	0.10397	0.161319
a47	0.00392523	0.00598795	0.0101711	0.0265119	0.0415794	0.0656134	0.111327	0.137649	0.137958	0.126697	0.134531	0.198049
a62	0.00557934	0.00733661	0.0114238	0.0288659	0.0397035	0.0521183	0.0911092	0.117248	0.133437	0.12352	0.144767	0.244891
a88	0.00428788	0.0061722	0.0092467	0.0185085	0.0272044	0.0430751	0.076652	0.106424	0.123515	0.150431	0.186074	0.248409
a93	0.00175095	0.00242091	0.00364343	0.00954882	0.0145073	0.0205975	0.040155	0.0637583	0.0891268	0.13261	0.237309	0.384573
a90	0.00191639	0.00277742	0.00410938	0.010095	0.0149861	0.0199857	0.0394149	0.0651125	0.0954447	0.140108	0.223175	0.382876
a69	0.000543536	0.000870451	0.00129365	0.00417898	0.00691455	0.00937254	0.022715	0.0446541	0.0759159	0.148119	0.235166	0.450256
a4	0.000621823	0.000872052	0.00131941	0.00480164	0.00771799	0.0101619	0.0215658	0.041987	0.0772729	0.141195	0.233479	0.459005
a58	0.00102749	0.000801122	0.000814323	0.00279977	0.00508515	0.00639256	0.0152644	0.0272587	0.063867	0.152739	0.2533	0.470651
a57	0.00189752	0.00164034	0.00134065	0.00284707	0.0036475	0.00430043	0.00933196	0.0156479	0.0292666	0.0838464	0.215949	0.630284
a82	0.011597	0.00940743	0.00711944	0.0110176	0.0123957	0.0136653	0.0236714	0.0410687	0.0800989	0.128119	0.230895	0.430944
a3	0.0282373	0.0189384	0.0111883	0.0147466	0.0170621	0.0230872	0.0383516	0.0790945	0.156177	0.180377	0.205389	0.227351
a99	0.0283818	0.0168942	0.00950651	0.0154643	0.0209273	0.0336325	0.0707179	0.147625	0.217508	0.17435	0.134108	0.130885
a87	0.0399787	0.0167687	0.00911078	0.0176403	0.0296258	0.0473269	0.0922969	0.159934	0.199291	0.147809	0.119292	0.120926
a23	0.0353791	0.0161926	0.0111797	0.0267256	0.0464808	0.0667501	0.104004	0.162284	0.192739	0.117572	0.0987889	0.121905
a99	0.0236555	0.0114876	0.00671853	0.0114117	0.0203734	0.0358886	0.0552729	0.0874463	0.0983391	0.184556	0.193553	0.271298
a87	0.0240151	0.0120081	0.00924786	0.0198337	0.0298286	0.0402513	0.0480734	0.0711316	0.0769352	0.147499	0.202038	0.319138
a23	0.0101302	0.00521952	0.00358916	0.00763344	0.0121094	0.0183638	0.0253484	0.0457914	0.0485196	0.0805458	0.181687	0.561063
a3	0.0156479	0.00823946	0.00509556	0.00858072	0.0161008	0.0264602	0.0363558	0.0649035	0.0701718	0.126848	0.203858	0.417738
</S>	0.016276	0.0139338	0.00936199	0.013938	0.0200612	0.0313488	0.0365779	0.0561753	0.0566507	0.102352	0.18883	0.454495
