 	pendant	la	saison	de	grandes	pluies	les	populations	de	boundji	se	nourrissent	d'	oseille	et	de	mangues	</S>
a87	0.0906699	0.0818419	0.0629611	0.0729368	0.0572123	0.0500612	0.0470362	0.0547423	0.0469314	0.0653765	0.0815846	0.103796	0.0931491	0.0397656	0.0165659	0.0126819	0.0109286	0.0117589
a10	0.0986681	0.0546909	0.0332046	0.0235422	0.0199306	0.0213292	0.0179659	0.0190775	0.0296553	0.0411215	0.0675812	0.0950512	0.113307	0.0673993	0.048856	0.0570281	0.0862241	0.105367
a87	0.144487	0.0906493	0.0642221	0.0463668	0.0308649	0.0276924	0.0252165	0.0324409	0.0236968	0.0285776	0.0401895	0.0596334	0.0622395	0.0452641	0.0305087	0.0432387	0.0723167	0.132395
a83	0.22269	0.128584	0.0760358	0.0508224	0.0288014	0.0177978	0.0160815	0.0233055	0.0136852	0.0186221	0.0303502	0.0518615	0.0524647	0.0383392	0.0278735	0.0401922	0.0615507	0.100942
a62	0.145867	0.107148	0.0564297	0.037275	0.0186527	0.0142687	0.0185538	0.0199954	0.0159773	0.0218535	0.0342592	0.0773844	0.0772411	0.0576889	0.0378199	0.0570374	0.0787005	0.123848
a21	0.418074	0.237774	0.096758	0.052231	0.0222443	0.0147423	0.0158849	0.0207748	0.0155639	0.017642	0.0161078	0.0192489	0.0149533	0.0106275	0.00686799	0.00683598	0.00623745	0.00743189
a66	0.36334	0.211756	0.102604	0.0594561	0.0275611	0.021053	0.0237697	0.0323665	0.0231865	0.0306154	0.0249714	0.0260036	0.0184882	0.0115548	0.00603558	0.00608565	0.00535313	0.00579919
a98	0.211385	0.162544	0.116533	0.0926175	0.0450444	0.0309316	0.0301278	0.0419706	0.0356474	0.0372427	0.036375	0.0448256	0.0358152	0.0265041	0.0146643	0.0139026	0.011405	0.012463
a79	0.101031	0.095955	0.100495	0.113443	0.0836333	0.0652575	0.0660347	0.0818809	0.0643392	0.0546121	0.0334086	0.0288347	0.0226704	0.0205433	0.0173829	0.0168005	0.0158758	0.0178022
a44	0.0706811	0.0787617	0.0982258	0.123717	0.0977328	0.0714496	0.0727416	0.0893874	0.0688809	0.0599207	0.0362008	0.0301655	0.0243107	0.0207361	0.0155249	0.0137241	0.0130277	0.0148114
a98	0.0555642	0.0783486	0.106743	0.135658	0.107982	0.0717871	0.0709102	0.0872713	0.0625536	0.0546428	0.0347797	0.0296379	0.026222	0.0215337	0.0151928	0.0130091	0.0129079	0.0152556
a73	0.0369541	0.0558056	0.0831173	0.119045	0.112836	0.0913445	0.0863164	0.0933809	0.0777827	0.0671846	0.0433425	0.0287878	0.0249893	0.0185971	0.0139561	0.0128151	0.0147737	0.0189714
a94	0.0240343	0.0388537	0.0642219	0.104888	0.114857	0.100721	0.0941215	0.0965879	0.0823693	0.0728253	0.0501522	0.0332471	0.0297927	0.0225103	0.0163217	0.014856	0.0172503	0.0223902
a44	0.0193842	0.0289899	0.0523399	0.1038	0.124475	0.116295	0.102467	0.10328	0.0819779	0.0616286	0.0408209	0.0266138	0.0253129	0.0208612	0.0176743	0.0174702	0.023112	0.0334972
a56	0.0146457	0.0207498	0.0368238	0.082245	0.117739	0.12073	0.10425	0.1015	0.0754386	0.0527063	0.0365841	0.0261961	0.0260057	0.0233657	0.0239252	0.0289637	0.0435301	0.064602
a70	0.0287182	0.0336262	0.045162	0.0840082	0.116413	0.129972	0.111477	0.101865	0.0851485	0.0603702	0.0439731	0.027128	0.0231472	0.0176279	0.0169097	0.0171534	0.0235847	0.0337153
a61	0.0133441	0.0174254	0.028194	0.0620585	0.11612	0.137522	0.1155	0.106595	0.0826952	0.0553508	0.0383547	0.0249633	0.0242445	0.0201723	0.0229543	0.02829	0.0431574	0.0630577
a70	0.0181052	0.0216076	0.0317449	0.0648108	0.11683	0.147212	0.125851	0.112191	0.0921803	0.0610215	0.0427217	0.026511	0.0244605	0.0193393	0.0191273	0.0183214	0.0238312	0.0341332
a98	0.0151224	0.0178462	0.0257733	0.0505774	0.100695	0.153481	0.130928	0.110801	0.102321	0.0659889	0.0492636	0.0304914	0.0297284	0.0225662	0.0211088	0.0188335	0.0230628	0.0314107
a85	0.0152862	0.0166928	0.0211044	0.040058	0.0878775	0.150703	0.128566	0.107384	0.0891398	0.067717	0.0577872	0.0386722	0.0344656	0.0243282	0.0229582	0.0230593	0.0306609	0.0435397
a37	0.0180046	0.017999	0.0208752	0.0370477	0.0818908	0.146167	0.12187	0.0976547	0.0791902	0.063762	0.0564987	0.0416205	0.0371126	0.0281348	0.0279008	0.029995	0.0393743	0.0549024
a66	0.0113879	0.0135914	0.0201688	0.040271	0.0842303	0.153084	0.134395	0.110291	0.0907634	0.0613666	0.0470682	0.0295201	0.0274757	0.021797	0.0259813	0.0280095	0.0403253	0.060274
a75	0.0112392	0.0126212	0.0181961	0.0300099	0.0523779	0.0859916	0.0969363	0.0911952	0.079085	0.0649947	0.0559717	0.0478172	0.0430699	0.0331953	0.0385633	0.0452067	0.0722402	0.121289
a85	0.0205242	0.0209321	0.0258865	0.0430586	0.0746545	0.127863	0.12235	0.0872756	0.0644173	0.0410963	0.0315124	0.025572	0.0234227	0.0240394	0.0353699	0.0478427	0.0773554	0.106827
a47	0.0180824	0.0178181	0.0210012	0.0322893	0.0576253	0.102099	0.0983345	0.0691553	0.0542262	0.0438907	0.0330625	0.0284899	0.0270532	0.0293076	0.0440129	0.0618725	0.108109	0.15357
a37	0.0231867	0.0217589	0.0266156	0.0403736	0.0633211	0.116357	0.103266	0.0644551	0.0619957	0.0457197	0.0328627	0.0244026	0.0253005	0.0259784	0.0385478	0.0492468	0.0886481	0.147964
a47	0.021472	0.0204325	0.0282091	0.0426381	0.0615106	0.09604	0.0917732	0.0704143	0.0652138	0.0458734	0.0356995	0.0299304	0.0290744	0.0255718	0.0311665	0.045221	0.0870185	0.172741
a37	0.0210546	0.0198572	0.0256283	0.0377827	0.0525577	0.0805758	0.073256	0.05793	0.0627852	0.0493614	0.041544	0.0370682	0.0385347	0.0345454	0.0395237	0.0549218	0.0960255	0.177048
a66	0.0199039	0.0170566	0.0218429	0.0309981	0.0426149	0.063613	0.0645687	0.0556223	0.0584007	0.0463679	0.0403513	0.043779	0.0393472	0.033357	0.0406051	0.0577565	0.106057	0.217758
a61	0.0139242	0.0105363	0.012404	0.0182435	0.0279753	0.0415778	0.0443799	0.0382986	0.040379	0.0316388	0.032059	0.0427582	0.0394856	0.0342018	0.0504009	0.0789404	0.149318	0.293479
a21	0.00454002	0.00471376	0.00736432	0.0162085	0.0393191	0.0849899	0.0795224	0.0554679	0.0700282	0.0401372	0.0362141	0.0355264	0.0367789	0.0421156	0.0677608	0.0868329	0.12064	0.17184
a85	0.0136218	0.0144745	0.0185646	0.0342987	0.0695328	0.116935	0.109789	0.0770614	0.0716336	0.0461598	0.0408783	0.0381624	0.0367435	0.0361726	0.0459433	0.0541759	0.0747115	0.101141
a47	0.0103019	0.00991932	0.012376	0.0196617	0.03677	0.0642151	0.0656906	0.0473014	0.0457589	0.034892	0.0254049	0.0241396	0.0224223	0.0255906	0.0389562	0.0693562	0.153177	0.294066
a37	0.0135319	0.0116452	0.0127465	0.0172983	0.0262601	0.0522341	0.0492069	0.0370265	0.0407291	0.0338003	0.0282637	0.0285559	0.0277192	0.0387313	0.0695126	0.112214	0.170607	0.229917
a66	0.00588106	0.00522591	0.00727378	0.0118682	0.021625	0.0405177	0.0384164	0.0285413	0.0347338	0.0237698	0.0216777	0.0230212	0.0235504	0.0314402	0.0583528	0.108384	0.191339	0.324381
a75	0.00353885	0.00250211	0.00277163	0.003707	0.00699554	0.0121364	0.0124322	0.00964496	0.0133479	0.00971665	0.01161	0.0159625	0.0170828	0.0204969	0.0427548	0.107284	0.25358	0.454435
a85	0.00882991	0.00621693	0.00710783	0.00999878	0.0172578	0.0336053	0.0324599	0.0213181	0.0266901	0.0200538	0.0215977	0.0265925	0.028903	0.0346402	0.0519216	0.0917727	0.184473	0.376561
a35	0.0120385	0.00940164	0.0102116	0.0127056	0.0215199	0.0373657	0.0347878	0.0236887	0.0270545	0.025892	0.0229775	0.0248854	0.0261176	0.0333551	0.0520878	0.0953791	0.18151	0.349021
a66	0.0037438	0.00375351	0.00534905	0.010108	0.0218867	0.0443667	0.0376625	0.0217772	0.0293416	0.0162249	0.0147979	0.0152263	0.0163597	0.022537	0.0455194	0.0926951	0.207429	0.391222
a83	0.000808672	0.000744915	0.00093821	0.00163559	0.00427	0.0106199	0.00918548	0.00572826	0.00853412	0.00465684	0.00496199	0.00491055	0.00552036	0.00850935	0.0235487	0.0690749	0.243903	0.592449
a9	0.000471791	0.000401516	0.000516593	0.0010084	0.00273573	0.00651685	0.00604416	0.00384188	0.00548711	0.00312785	0.00363672	0.00432518	0.00502929	0.00820377	0.0234112	0.0694517	0.242884	0.612906
a99	0.00172153	0.0013921	0.00152534	0.00180471	0.0031255	0.0059487	0.00569176	0.00376747	0.0043531	0.00328554	0.00505888	0.00858539	0.0101152	0.0156032	0.0338158	0.0967464	0.271727	0.525733
a87	0.00397264	0.00244655	0.00204238	0.00185873	0.00235985	0.00370976	0.00343417	0.00245398	0.0034178	0.00303643	0.00587642	0.0132319	0.0181239	0.028503	0.048569	0.113075	0.281212	0.462676
a23	0.00968192	0.00527411	0.00441581	0.00392517	0.00573146	0.00742368	0.00645399	0.00518728	0.00924014	0.0120022	0.0269886	0.0611862	0.0733627	0.0772721	0.0842688	0.12585	0.206792	0.274944
a87	0.00805408	0.00415386	0.00373805	0.00358045	0.00625715	0.00848181	0.00806996	0.00538163	0.0127528	0.014445	0.0283316	0.0469207	0.0557087	0.0664421	0.0781431	0.12209	0.21208	0.315369
a23	0.00279983	0.00191204	0.0023825	0.00277916	0.00427371	0.00544497	0.00489032	0.00315741	0.00730321	0.00908727	0.0179979	0.0325772	0.0377536	0.0468197	0.0639586	0.121004	0.240078	0.395781
a99	0.00617148	0.00340329	0.00352491	0.00413882	0.00701771	0.00991218	0.00870583	0.00537192	0.0128154	0.014306	0.0261761	0.0421615	0.0536565	0.0674502	0.0828398	0.118079	0.204274	0.329995
a97	0.0101648	0.00576699	0.00670727	0.00716387	0.0116428	0.0160012	0.0145422	0.00791605	0.0171519	0.0175206	0.0294553	0.0389472	0.0476816	0.0560495	0.0702424	0.10426	0.196429	0.342357
</S>	0.0102716	0.00621453	0.0077224	0.00710623	0.0102348	0.0145246	0.012532	0.00741162	0.016091	0.0161388	0.0263522	0.0353252	0.040937	0.0453974	0.0554403	0.0930014	0.196487	0.398812
