 	n	g	á	l	í	i	s	ε	n	g	έ	n	y	a	m	a	</S>
je	0.0556906	0.4525	0.371859	0.0687447	0.0229427	0.00607659	0.00198838	0.00171965	0.00163352	0.00185206	0.00168111	0.00157776	0.00213301	0.0029585	0.00242984	0.00204285	0.00217013
cuis	0.0133302	0.0112275	0.0141768	0.0151986	0.0346109	0.119178	0.211734	0.194425	0.162352	0.0699241	0.0430876	0.0240962	0.0187734	0.0172243	0.0149725	0.017264	0.0184251
de	0.0170678	0.0353433	0.0772567	0.0427852	0.036524	0.0495734	0.0449504	0.0446216	0.039072	0.0665085	0.0605285	0.0517472	0.0759609	0.0928323	0.129859	0.0862549	0.0491142
la	0.0495357	0.0588419	0.0433608	0.0653846	0.0163163	0.0172157	0.0274205	0.0301656	0.0355125	0.0385731	0.0506599	0.048586	0.0593953	0.0498907	0.104025	0.109798	0.195318
viande	0.0179416	0.0147295	0.0211691	0.0118747	0.0103716	0.0197511	0.0231704	0.0312248	0.0403037	0.0487233	0.0802631	0.0855301	0.0778981	0.0641633	0.0868975	0.128905	0.237083
à	0.108035	0.0427508	0.0266407	0.0443323	0.0320353	0.0263458	0.0349759	0.0416756	0.0373889	0.0371215	0.0516538	0.0537466	0.0532248	0.0602352	0.0882421	0.0730423	0.188553
l'	0.0618055	0.0330287	0.039343	0.0187114	0.0177884	0.0298024	0.0368849	0.0340614	0.0406972	0.0384203	0.0503614	0.0567956	0.0804081	0.101597	0.115565	0.121086	0.123643
étouffée	0.0255248	0.0253237	0.0287199	0.0290145	0.0228999	0.0226754	0.0176586	0.0224775	0.0291896	0.0399646	0.0557924	0.0636911	0.0789321	0.0781225	0.0835185	0.139738	0.236757
</S>	0.115145	0.0876245	0.0956341	0.0546234	0.0781843	0.031919	0.0249254	0.021122	0.0329126	0.0277361	0.0258051	0.026975	0.0325536	0.0479624	0.0829506	0.0964564	0.117471
