 	o	k	u	s	u	a	p	é	n	d	á	a	b	í	a	m	o	s	w	á	l	á	</S>
okusu	0.0097559	0.0125268	0.0143136	0.0234036	0.0415412	0.0454454	0.0641546	0.0532537	0.0457521	0.0468063	0.051076	0.0464024	0.0512879	0.0480038	0.0487685	0.0959128	0.0761645	0.0682574	0.0379867	0.0374004	0.0377734	0.0282316	0.0157812
avait	0.0965898	0.0866268	0.0614275	0.0573862	0.0420268	0.0234402	0.0233224	0.0251717	0.036716	0.0252034	0.0327376	0.0295469	0.0375982	0.0315328	0.0576681	0.0778479	0.0282062	0.0227422	0.0449762	0.0450473	0.0432796	0.0469793	0.0239266
marqué	0.0394714	0.0173624	0.00966319	0.00637976	0.00454637	0.00414123	0.00801136	0.0146619	0.0261098	0.0649803	0.0823158	0.0649646	0.0965388	0.13872	0.101673	0.0776084	0.0806364	0.0397668	0.0381884	0.0459545	0.0143351	0.0204876	0.00348302
sa	0.0243488	0.0259093	0.0313271	0.0303025	0.0296316	0.0288999	0.0119436	0.00916658	0.0103518	0.0261547	0.0548402	0.0570733	0.0776259	0.111255	0.103369	0.0421094	0.0459104	0.0393218	0.0154036	0.0311314	0.0371984	0.0601663	0.0965601
génération	0.0386516	0.0492509	0.0535831	0.0671737	0.0877763	0.0957848	0.0548704	0.0395221	0.0270028	0.0301606	0.0178486	0.0185993	0.0176641	0.0165734	0.0247233	0.0549672	0.0351661	0.0399311	0.0296541	0.0428259	0.031586	0.0447082	0.0819765
par	0.0467005	0.0431624	0.0434176	0.0410992	0.0466351	0.076286	0.0948359	0.0836058	0.058849	0.0618707	0.0324166	0.0250355	0.0185578	0.0149913	0.0210289	0.0337829	0.0295791	0.0327834	0.0170707	0.0330846	0.0338353	0.0417552	0.0696163
sa	0.0308447	0.0270381	0.0267241	0.0261451	0.0253649	0.0179606	0.0196449	0.023744	0.0251432	0.0274675	0.0255304	0.0199355	0.0134631	0.0120862	0.0135936	0.0327957	0.0753012	0.0888518	0.0529694	0.0743993	0.112449	0.0932441	0.135304
beauté	0.0661631	0.0635242	0.0549851	0.0440344	0.0336236	0.0317607	0.0362361	0.0366269	0.0362096	0.0335905	0.0201368	0.021425	0.0126928	0.00783291	0.0177558	0.0386677	0.0236247	0.0239437	0.0129606	0.0445604	0.0546779	0.0928953	0.192072
</S>	0.0569511	0.0457766	0.038444	0.0319602	0.0343289	0.045374	0.0404898	0.0308603	0.021777	0.0180228	0.0129794	0.0101355	0.00813244	0.00792628	0.0134817	0.0350147	0.0572714	0.0709603	0.0304894	0.0845132	0.0851882	0.102505	0.117418
