 	á	p	i	i	o	k	y	é	m	b	a	m	ó	b	ώ	s	i	k	í	g	h	i	g	h	i	</S>
okyémba	0.360032	0.140899	0.0269244	0.00796235	0.00841734	0.00786318	0.0130219	0.0110021	0.0211025	0.016265	0.0126228	0.014885	0.0225459	0.0293913	0.0282748	0.0279356	0.0114382	0.0196718	0.0230056	0.0291053	0.0390784	0.0325642	0.0265778	0.0243501	0.0261086	0.0189553
est	0.0411889	0.0483059	0.0646488	0.0799687	0.0628121	0.0642364	0.0741136	0.0650647	0.0659787	0.0671898	0.0670742	0.0561839	0.0437866	0.0404683	0.0175602	0.0194387	0.0156588	0.00816641	0.0146603	0.0170727	0.0168547	0.0128886	0.0105612	0.00917419	0.00900736	0.007936
pris	0.0307445	0.0391232	0.0267443	0.0456779	0.0385662	0.0425595	0.0335637	0.0339682	0.041863	0.0524721	0.0612142	0.043456	0.070661	0.0535567	0.0381411	0.0521882	0.0551606	0.0615628	0.0519918	0.0299064	0.0228395	0.0195424	0.0205838	0.0151266	0.0113718	0.00741432
en	0.0192717	0.0314515	0.0315138	0.0359476	0.0356887	0.0356037	0.0348981	0.0377821	0.0368188	0.0460289	0.0554225	0.0501841	0.0465886	0.0352692	0.049756	0.107197	0.0418333	0.073526	0.0407974	0.0325948	0.0344287	0.0138567	0.0183745	0.0118188	0.0132286	0.0301191
flagrant	0.008901	0.0114113	0.0220947	0.0369286	0.0567446	0.0763949	0.087002	0.0743629	0.0717708	0.0809758	0.0748266	0.077372	0.0462835	0.0446769	0.0322969	0.0342426	0.0257924	0.0223416	0.0202635	0.0172855	0.0198507	0.011249	0.00563258	0.00785709	0.00903102	0.0244118
délit	0.00850715	0.0114397	0.0110858	0.0139299	0.0185237	0.0308208	0.0327144	0.0258	0.025857	0.0272347	0.0206669	0.0286281	0.0277786	0.0314219	0.029391	0.0492333	0.0492139	0.0785009	0.0657108	0.0647679	0.056191	0.080098	0.0383595	0.052672	0.054472	0.0669807
d'	0.0249157	0.0134397	0.016565	0.017338	0.0213798	0.023223	0.0225249	0.0276534	0.0294922	0.0290558	0.0288756	0.0300689	0.0444584	0.04864	0.0398743	0.0387032	0.0249781	0.0236528	0.0255274	0.0347991	0.0474557	0.0702856	0.0856122	0.088584	0.0807793	0.0621178
adultère	0.0272198	0.0328783	0.0320431	0.0407174	0.0408287	0.0449368	0.0462797	0.0262155	0.0277267	0.0252094	0.0190163	0.0146731	0.0128911	0.0181293	0.0217132	0.0366375	0.020224	0.0283284	0.0273831	0.0490383	0.0616345	0.0646652	0.0750068	0.0652011	0.0636925	0.0777102
</S>	0.0179866	0.0220748	0.019018	0.0263055	0.0303683	0.0366763	0.0327508	0.0207283	0.0162972	0.0146747	0.0128287	0.0151791	0.0208734	0.0292749	0.032206	0.0383015	0.0285365	0.0296601	0.0266736	0.0529014	0.0529689	0.0922219	0.0907124	0.0847063	0.0728476	0.0832271
