 	w	a	l	á	a	y	ε	ε	m	έ	m	ó	ε	b	a	á	y	á	n	d	é	e	</S>
il	0.0753082	0.238008	0.197572	0.247891	0.153936	0.026927	0.00486062	0.00324564	0.00166322	0.00150134	0.0021861	0.00178087	0.00174635	0.00315642	0.00684266	0.00716193	0.00711586	0.00682738	0.00378614	0.00255468	0.00168427	0.00185044	0.0023934
s'	0.0235643	0.0158974	0.040066	0.024246	0.0270386	0.0163462	0.0391365	0.0354286	0.0449854	0.0499899	0.0848889	0.10509	0.0888579	0.0686464	0.0601923	0.0491807	0.0463706	0.0331352	0.0401348	0.0169739	0.0279501	0.0294523	0.0324282
adosse	0.0202741	0.0225166	0.0236639	0.0326713	0.018806	0.0377017	0.0277392	0.0238178	0.0260507	0.0476273	0.0710464	0.0530428	0.0646457	0.0832801	0.105159	0.0624459	0.0552849	0.065452	0.0426543	0.0480064	0.0198903	0.0265436	0.0216807
au	0.00982703	0.0115638	0.0101204	0.00744938	0.0105486	0.0111506	0.0153758	0.00737325	0.0156602	0.0179734	0.0151168	0.0220387	0.031432	0.0505498	0.0537133	0.0537697	0.0660705	0.107851	0.10193	0.0955849	0.0928858	0.0842679	0.107747
mur	0.0175549	0.0131911	0.0140824	0.0119356	0.0117825	0.0170134	0.0165882	0.0158623	0.0316021	0.0371163	0.0464893	0.0358421	0.047164	0.0317385	0.0292783	0.0431536	0.0606115	0.0626566	0.0690484	0.070639	0.0821671	0.107236	0.127247
de	0.0191167	0.0124455	0.0173563	0.00855584	0.00767406	0.0105588	0.0123414	0.00976715	0.0347328	0.0368053	0.0360964	0.0238108	0.0269381	0.0252803	0.0210743	0.0287459	0.0515676	0.0690767	0.108602	0.113889	0.12756	0.0916309	0.106374
la	0.0331999	0.0252123	0.04739	0.0149005	0.0115873	0.0142367	0.0167454	0.0203979	0.0198728	0.020454	0.0205739	0.0188103	0.0240157	0.0230782	0.0241337	0.0351592	0.0563847	0.10332	0.0923594	0.0984859	0.0855367	0.0831029	0.111043
maison	0.0281721	0.0275916	0.0294315	0.0195773	0.0146975	0.0157483	0.0183048	0.0165908	0.0145517	0.0151725	0.018436	0.013418	0.0222702	0.0170502	0.0186362	0.0293897	0.0489625	0.0828693	0.0880819	0.0974829	0.110908	0.128626	0.124032
</S>	0.0252319	0.0256085	0.0301722	0.0182882	0.0150885	0.0189097	0.0212235	0.0230783	0.0203914	0.0210158	0.0195856	0.0107894	0.0174501	0.0157568	0.0176695	0.0337445	0.0600183	0.0960289	0.0986245	0.103107	0.102174	0.0996261	0.106417
