 	k	o	n	g	ó	y	é	e	b	á	b	h	á	m	é	n	g	o	n	d	ó	</S>
les	0.0173109	0.0192425	0.0216891	0.0207694	0.0176428	0.0273567	0.0234427	0.027657	0.0483408	0.0847414	0.0798221	0.0853861	0.108972	0.0685341	0.0728624	0.0683371	0.0483091	0.0331588	0.0254701	0.0237983	0.0311122	0.0460439
chenilles	0.041505	0.0310711	0.04476	0.0959512	0.162653	0.168934	0.0892222	0.0524822	0.0674924	0.0958893	0.06581	0.0345036	0.0145978	0.0124023	0.00507581	0.00257659	0.00226196	0.0017484	0.00289988	0.00308492	0.00210567	0.00297324
restent	0.0220388	0.0407081	0.0316017	0.0287109	0.0347481	0.0427945	0.0804119	0.0725146	0.0914386	0.0933877	0.0822414	0.0665352	0.0798423	0.0838464	0.0586603	0.0251581	0.0161033	0.00797688	0.00915313	0.00936745	0.0105189	0.0122417
sur	0.0608677	0.0644919	0.0436748	0.0563648	0.0576585	0.0313002	0.034489	0.0352913	0.0202322	0.0284048	0.0270378	0.0273073	0.0271891	0.0406845	0.0757964	0.0743154	0.0557434	0.0453369	0.0438936	0.0480988	0.0493601	0.0524614
l'	0.0606105	0.0594885	0.0659603	0.0643704	0.0663969	0.0698943	0.059079	0.0575328	0.0262298	0.0187859	0.0184464	0.0185271	0.0203572	0.0187773	0.0185365	0.0196645	0.0178022	0.0283018	0.0412057	0.0669892	0.0657901	0.117254
arbre	0.0963531	0.0517288	0.0318076	0.0317248	0.0417527	0.0369255	0.0389186	0.0325128	0.02016	0.0215888	0.0273701	0.0288211	0.0444058	0.0646865	0.0555551	0.0584328	0.0491297	0.0517126	0.0396908	0.0402851	0.0489496	0.087488
de	0.108116	0.0692331	0.0452772	0.0385908	0.0364108	0.0303111	0.0310657	0.0262488	0.0144877	0.00953414	0.00923358	0.0211198	0.0112823	0.0148286	0.017394	0.0170121	0.0262287	0.0354617	0.0791226	0.091114	0.131507	0.13642
fer	0.0554047	0.0640877	0.0916476	0.0832314	0.0559232	0.0215593	0.0196059	0.0114595	0.00485533	0.00203354	0.00196999	0.00334039	0.00186098	0.00224913	0.00363422	0.00623547	0.0124196	0.0271622	0.0581125	0.0749879	0.159968	0.238251
</S>	0.0848313	0.0611863	0.0660566	0.0631437	0.0604019	0.031344	0.0266983	0.0176451	0.0100368	0.0050791	0.00948057	0.00463032	0.0060658	0.0131923	0.0174779	0.0167631	0.0380949	0.0459798	0.0765582	0.0940314	0.10538	0.145923
