 	k	a	a	g	h	á	m	o	r	o	y	a	a	y	ó	l	í	s	á	n	g	á	</S>
c'	0.028569	0.0375704	0.0364951	0.088558	0.0859703	0.0851622	0.0548604	0.055661	0.0478463	0.0501156	0.0535554	0.0508817	0.0512197	0.0517502	0.0391228	0.0450907	0.034167	0.0266343	0.02224	0.00822754	0.0162781	0.0174741	0.0125504
est	0.0502856	0.0606937	0.0568552	0.0371313	0.0251552	0.0258025	0.0314366	0.0320674	0.0422399	0.0694607	0.0890675	0.0756167	0.0698608	0.0405813	0.0504932	0.048222	0.0453245	0.0200192	0.0294289	0.0194752	0.0203653	0.0254855	0.0349317
ma	0.00926903	0.0314575	0.027802	0.0306115	0.0690831	0.0823321	0.0773014	0.0668253	0.0364255	0.0164144	0.0229904	0.0217466	0.0252073	0.0473506	0.0320088	0.0324708	0.0302851	0.057084	0.0537045	0.0244304	0.0586874	0.0401485	0.106364
grand-mère	0.0804451	0.0841969	0.0560712	0.0535732	0.0937612	0.0932911	0.0473647	0.0370716	0.0303687	0.035815	0.0353282	0.0578246	0.0925162	0.074793	0.0192818	0.0125513	0.0177997	0.0126838	0.0199672	0.0079423	0.011144	0.0100414	0.0161676
qui	0.0183645	0.0135716	0.0143663	0.0221394	0.0236459	0.0289135	0.030253	0.0261567	0.0252328	0.0475791	0.0640622	0.0551809	0.0715874	0.0532778	0.0363748	0.0433279	0.0728096	0.0377594	0.0473548	0.0566238	0.0565412	0.0737731	0.0811042
m'	0.0273512	0.0213108	0.0156608	0.020218	0.0263174	0.0310996	0.0396017	0.0377392	0.0331489	0.0450429	0.0446782	0.0343172	0.0335695	0.0317077	0.0379133	0.035947	0.0524785	0.0301052	0.0332858	0.0336667	0.061169	0.0970527	0.176619
a	0.0340881	0.0201513	0.0232159	0.0237019	0.0307685	0.0385088	0.0426925	0.0371745	0.0250578	0.0289339	0.0689485	0.0580922	0.0638556	0.074903	0.0528022	0.0282852	0.0340419	0.0277157	0.0324135	0.0130417	0.0248628	0.0436074	0.173137
élévé	0.0628787	0.0371069	0.0267142	0.0211634	0.0230239	0.0173497	0.0191621	0.0179764	0.0177408	0.0330798	0.041058	0.0360199	0.0472239	0.0291748	0.0350372	0.0393016	0.0504126	0.0438078	0.0709991	0.054854	0.0517496	0.0822952	0.14187
</S>	0.0624216	0.0403671	0.0257846	0.0185481	0.0256965	0.0231696	0.0137534	0.0138204	0.00993896	0.0168776	0.0292557	0.0319097	0.0379916	0.0328889	0.0204622	0.0446876	0.038885	0.0591725	0.0786901	0.0531142	0.0669881	0.0917409	0.163836
