 	a	n	g	ú	l	u	b	ó	b	á	a	p	έ	n	d	z	έ	έ	a	b	i	a	</S>
les	0.125681	0.0800533	0.0824407	0.0246097	0.0127223	0.0203406	0.0431036	0.0377063	0.036933	0.0382393	0.0385149	0.0435358	0.0563374	0.0635571	0.0570444	0.0486992	0.0489858	0.0371331	0.0305614	0.0256189	0.0192822	0.0192158	0.00968383
porcs	0.0606452	0.0663242	0.0817238	0.155857	0.162175	0.13908	0.0547517	0.0419394	0.0228982	0.0141711	0.012607	0.0192268	0.0165999	0.00887952	0.0178351	0.0191933	0.0193993	0.0214684	0.0143678	0.0210156	0.0177401	0.00719896	0.0049028
sont	0.0570507	0.053245	0.0568454	0.0914288	0.054493	0.0491817	0.0397187	0.0489079	0.048165	0.0575807	0.051374	0.0428663	0.0432604	0.051597	0.0472682	0.0377893	0.0283342	0.0256919	0.0285068	0.023235	0.0208699	0.0310288	0.0115612
en	0.00884875	0.020542	0.0322706	0.0434918	0.042786	0.038197	0.0463999	0.0522976	0.0441988	0.0407124	0.0608187	0.0779901	0.0577239	0.0511104	0.0717707	0.0625979	0.0455026	0.0325521	0.0379717	0.0325589	0.0336564	0.036885	0.0291168
train	0.0354338	0.0363682	0.0255633	0.0226006	0.0302518	0.0394525	0.0375699	0.0389641	0.0425954	0.06289	0.0560992	0.0601505	0.0679062	0.0613244	0.0428757	0.0419813	0.048673	0.0399718	0.0379111	0.0401114	0.0421468	0.0393311	0.0498281
de	0.0579043	0.0447253	0.0307757	0.0164087	0.0203777	0.0245214	0.0428514	0.0489251	0.0610758	0.0837506	0.085481	0.0724647	0.0627907	0.0555767	0.0373479	0.0322358	0.023209	0.0150808	0.0212756	0.0288034	0.0209234	0.0340426	0.0794524
s'	0.0510754	0.0339392	0.018284	0.0217934	0.0210811	0.0244844	0.0364055	0.045	0.0577822	0.0503227	0.0457177	0.0254254	0.0315951	0.0449664	0.0522239	0.0401945	0.0428945	0.0481398	0.0528872	0.055686	0.0566069	0.060109	0.0833856
accoupler	0.0312194	0.0264042	0.0241592	0.0236482	0.0261789	0.0286113	0.0347091	0.031007	0.0377698	0.0332129	0.0366321	0.0228082	0.0195131	0.0164136	0.0404776	0.0205769	0.0373534	0.0372092	0.0617648	0.0690462	0.0805125	0.100324	0.160449
</S>	0.0646773	0.0554653	0.0521124	0.0516063	0.0504484	0.0463989	0.0570643	0.0440555	0.0313306	0.0366727	0.0511258	0.0353082	0.0261232	0.0299767	0.0294877	0.0207265	0.0213315	0.021414	0.0274477	0.0302134	0.0378388	0.0447352	0.13444
