 	e	k	í	ω	y	é	e	b	h	ώ	ώ	ó	n	g	ω	n	g	ω	y	á	n	d	é	e	y	á	b	í	s	í	l	a	k	ó	l	i	</S>
la	0.00984904	0.016404	0.0260973	0.0359365	0.0418088	0.0381449	0.0432523	0.042024	0.0392124	0.0258565	0.0285583	0.0212506	0.033505	0.027652	0.0534058	0.0466831	0.0434106	0.0219832	0.0158228	0.0150636	0.0134211	0.0155106	0.0146435	0.0160256	0.0143416	0.0180862	0.0167805	0.015514	0.0280554	0.0317308	0.0316023	0.0266642	0.0315985	0.0291175	0.0268876	0.0211837	0.0229161
nuit	0.0582349	0.0998077	0.198597	0.242292	0.128782	0.0382401	0.0385399	0.0117112	0.0104037	0.00978899	0.00940734	0.00686685	0.00910554	0.00540945	0.0109353	0.0064005	0.00464266	0.00489702	0.00161981	0.00137564	0.00145893	0.000958152	0.00122775	0.00119712	0.00118744	0.00248223	0.00272931	0.00341911	0.00665387	0.00923624	0.00781432	0.0246569	0.0187216	0.00926111	0.00572155	0.00274733	0.00346871
une	0.0586217	0.0518088	0.0383252	0.0174511	0.01279	0.0227753	0.0280607	0.0170738	0.0143094	0.0227556	0.0186192	0.0177509	0.0340459	0.044803	0.0565951	0.0508336	0.0443243	0.0251614	0.037884	0.0284386	0.0239315	0.0228389	0.0146465	0.0385181	0.0247473	0.0304127	0.0155325	0.0200184	0.0174998	0.0301409	0.0298304	0.0272631	0.0182612	0.0157471	0.0140275	0.00905446	0.00510194
chauve-souris	0.0534137	0.058634	0.057378	0.0504044	0.061608	0.0992968	0.080544	0.0326666	0.0270133	0.0232752	0.0354894	0.0328841	0.0406071	0.0253393	0.0277866	0.0299618	0.0211378	0.0243634	0.0213775	0.0155896	0.0169735	0.0130151	0.0105882	0.0105711	0.00754873	0.0084158	0.00763977	0.00563958	0.00757769	0.0103687	0.0073999	0.00801104	0.00767703	0.00908634	0.00999782	0.0110148	0.0297043
chante	0.0579844	0.0410156	0.032349	0.0261614	0.0338469	0.0578007	0.0629976	0.0292859	0.0278045	0.0133795	0.0160408	0.0111561	0.0133031	0.0112194	0.0182767	0.02133	0.0281368	0.0367367	0.0366153	0.0280099	0.033341	0.0272922	0.0269345	0.0328169	0.0168152	0.0318972	0.026903	0.022926	0.0179788	0.0217333	0.0161905	0.0141587	0.01039	0.0149269	0.0178256	0.0202353	0.0441845
derrière	0.0163371	0.0154904	0.0223286	0.0245935	0.0274549	0.0345102	0.0388416	0.0341615	0.0303457	0.0405203	0.0287939	0.0247142	0.0227508	0.0269133	0.0159942	0.0151982	0.0147053	0.0229867	0.0143798	0.0142641	0.0177738	0.0122001	0.0131977	0.0125905	0.00889113	0.0149231	0.014742	0.0133386	0.0229849	0.0307792	0.0352379	0.0747378	0.0523595	0.0422608	0.0497473	0.0324838	0.0664674
notre	0.0421303	0.0228644	0.0156162	0.014032	0.0154402	0.0193909	0.0221612	0.016266	0.0156566	0.0091041	0.00973841	0.0107927	0.00647439	0.00895496	0.00447517	0.00884773	0.00760988	0.0287405	0.0361564	0.0188693	0.0320705	0.0331957	0.0451524	0.0384816	0.0198778	0.0494669	0.0662711	0.0603794	0.0421183	0.0456392	0.0392835	0.0496587	0.0391326	0.0280225	0.0243956	0.0196746	0.0338582
maison	0.0365881	0.0440476	0.0424376	0.03624	0.0231396	0.0140323	0.010492	0.00825968	0.00743584	0.00385143	0.00363571	0.00615609	0.00405286	0.00775311	0.00782289	0.0267811	0.0245217	0.0484817	0.0205177	0.00757927	0.013587	0.0141861	0.0124075	0.00963102	0.00454729	0.016898	0.037695	0.0153144	0.0262482	0.0429979	0.0349282	0.0324223	0.0571644	0.0466421	0.0752078	0.0673827	0.108914
</S>	0.130053	0.074278	0.036793	0.0232811	0.0155591	0.0125415	0.0080178	0.00545569	0.00455075	0.00372675	0.00393924	0.00721492	0.00430837	0.00919208	0.00705691	0.0145131	0.0230538	0.0480769	0.0432208	0.0138645	0.0257381	0.0232423	0.0246514	0.0173303	0.0103167	0.017974	0.0305812	0.0192566	0.0152673	0.025216	0.0258842	0.016843	0.0276524	0.0256963	0.0326672	0.0631671	0.109818
