 	w	a	á	t	έ	ε	a	k	y	é	m	a	á	s	á	r	e	m	ó	e	b	h	e	r	á	</S>
il	0.187069	0.368417	0.212573	0.116929	0.0528646	0.00722311	0.00219257	0.00222432	0.00208204	0.00160137	0.00254628	0.00334056	0.00310405	0.00293855	0.00261562	0.00278715	0.00230096	0.00302992	0.00332672	0.00341325	0.00346808	0.0034376	0.00330929	0.00306882	0.00255732	0.00158073
a	0.0252027	0.0102424	0.0158679	0.0120156	0.0560327	0.0679934	0.048623	0.0526924	0.0530524	0.119715	0.0848547	0.0777756	0.0549604	0.0495548	0.034327	0.0413463	0.0418653	0.0249883	0.0470095	0.0279859	0.0211959	0.00821311	0.00638989	0.00577265	0.00524047	0.00708284
tiré	0.0176336	0.0195371	0.021917	0.0111936	0.0190512	0.0226787	0.0420654	0.0685984	0.0668167	0.0744225	0.0535516	0.044752	0.0381305	0.0341004	0.0325104	0.042315	0.0320666	0.0346904	0.0417458	0.0311667	0.0385104	0.0480073	0.0426244	0.0370851	0.0475976	0.0372315
trois	0.00279493	0.00404815	0.00420243	0.00390747	0.00443933	0.00698311	0.0192208	0.0233367	0.0344119	0.0335042	0.0485689	0.0448337	0.0531861	0.0502661	0.0761937	0.0850021	0.103641	0.0964411	0.124327	0.0651165	0.0448414	0.019192	0.0143102	0.0131306	0.0127605	0.0113401
singes	0.017083	0.0161579	0.0139534	0.0179398	0.0122758	0.0136118	0.0282107	0.0234107	0.0140986	0.0139653	0.0144468	0.0118059	0.0139518	0.014863	0.0220218	0.0386429	0.0578891	0.0582612	0.041326	0.0512337	0.0468339	0.0520914	0.0690602	0.0691097	0.121781	0.145974
à	0.00543384	0.00540465	0.00528206	0.00532114	0.00744512	0.0109199	0.0153721	0.0163024	0.0244086	0.0176788	0.020553	0.0261817	0.0216264	0.027976	0.0567445	0.0540977	0.109719	0.0944885	0.0804136	0.0839012	0.0719944	0.0708571	0.0598939	0.0408944	0.0284751	0.0386155
l'	0.0153834	0.0144468	0.0149937	0.0182768	0.021529	0.0221579	0.0225782	0.0227845	0.0228121	0.0230067	0.0235067	0.0236101	0.0241797	0.0243124	0.0273903	0.0302412	0.0383999	0.0346164	0.0387522	0.0542038	0.0642396	0.075047	0.0839385	0.0817318	0.0847479	0.0931136
arc	0.0211734	0.0211711	0.021338	0.0214653	0.0220569	0.0224647	0.0327484	0.0284997	0.0347165	0.0255003	0.0340861	0.0315029	0.0321418	0.0304656	0.0584179	0.047131	0.0799602	0.068097	0.0642738	0.0683836	0.0683427	0.0511851	0.0457228	0.0212512	0.0224214	0.0254827
</S>	0.0168763	0.0166581	0.0178641	0.0163876	0.0176819	0.0185603	0.0316805	0.026796	0.0323731	0.0228838	0.0319636	0.0295023	0.0291373	0.0255892	0.0502921	0.0404073	0.059024	0.0541913	0.0552902	0.05685	0.0549582	0.0551951	0.0602116	0.0526392	0.0609748	0.0660121
