 	e	b	v	ú	l	ú	l	ú	y	á	m	b	v	ú	á	m	b	a	l	a	p	ω	ώ	é	p	έ	ε	b	í	s	í	a	m	w	a	</S>
ce	0.0141806	0.0167414	0.012709	0.0108133	0.0109592	0.0131038	0.0270777	0.0266524	0.046775	0.0588756	0.0735712	0.0745155	0.0439754	0.0557371	0.035406	0.0348081	0.0290574	0.0191921	0.017448	0.0150299	0.0171099	0.0161827	0.0146086	0.00876845	0.00980258	0.00969485	0.0117569	0.012659	0.00929407	0.0177584	0.0387604	0.0400013	0.0472351	0.0386727	0.0421593	0.0289071
brusque	0.0252594	0.0627041	0.0394385	0.0401317	0.0268355	0.0605481	0.024795	0.0400612	0.0188205	0.0138643	0.0072278	0.00891932	0.0023924	0.00303933	0.0126627	0.0181776	0.0169805	0.0172702	0.0182941	0.0249818	0.0234663	0.0208146	0.0286677	0.0255573	0.0255766	0.0583289	0.047957	0.0889985	0.0452814	0.0470339	0.0267436	0.0198038	0.0295758	0.0223168	0.00277257	0.00470082
retour	0.031472	0.0312803	0.0158676	0.0106238	0.00731775	0.00786075	0.0105939	0.0115431	0.0207935	0.0144369	0.0068071	0.00750093	0.00606891	0.0100313	0.0187726	0.0112868	0.0307875	0.0881034	0.064941	0.0663326	0.0686362	0.0666224	0.0498687	0.0479978	0.042265	0.0356223	0.0205412	0.0183456	0.0327752	0.0230514	0.0218181	0.0231512	0.0206529	0.0150837	0.024887	0.0162595
des	0.0271807	0.0253942	0.0342967	0.0355539	0.051284	0.0312252	0.0265369	0.022182	0.017298	0.0280923	0.0274215	0.0249641	0.0278278	0.0244086	0.0251382	0.0395061	0.0393456	0.0701885	0.0504752	0.0447447	0.0239021	0.0201546	0.0152584	0.0323635	0.0230844	0.019459	0.0144304	0.0080836	0.0148281	0.0123224	0.0170312	0.0259996	0.0232442	0.0240792	0.0280008	0.0246946
pluies	0.0276622	0.0283312	0.0265421	0.0291691	0.0245425	0.0190105	0.0154395	0.0146287	0.015013	0.016326	0.0206748	0.0170165	0.0188606	0.0126237	0.0174466	0.0246858	0.0330811	0.0361472	0.0306012	0.0317381	0.0319537	0.0388273	0.0522393	0.0507788	0.0440748	0.0564429	0.0422315	0.0320937	0.0298027	0.0276576	0.0181189	0.00759755	0.026475	0.0115359	0.0182031	0.0524275
nous	0.0232639	0.0203814	0.0169502	0.0127065	0.0095913	0.00728408	0.00847693	0.00763955	0.00865719	0.00996775	0.0121989	0.010911	0.0151029	0.0159879	0.014837	0.0251151	0.0361095	0.0697152	0.0436158	0.0368017	0.0346825	0.0591442	0.0773611	0.0843943	0.061903	0.0704011	0.0391762	0.025286	0.0294944	0.0274852	0.0124424	0.00966098	0.00904996	0.0140676	0.0162727	0.0238647
a	0.0306721	0.0279307	0.0222487	0.0196338	0.0190267	0.0204156	0.0235309	0.0189561	0.0191023	0.0159077	0.0150374	0.0146299	0.0139768	0.0121084	0.0188525	0.0220772	0.0286336	0.0614554	0.0424935	0.0324728	0.0228128	0.0343651	0.0294977	0.0501328	0.0487676	0.0436492	0.0295351	0.0344	0.035334	0.0316663	0.0241335	0.0141706	0.0246124	0.0198673	0.0262605	0.0516328
surpris	0.0680727	0.0316364	0.0220392	0.0153086	0.0121609	0.00983489	0.00687583	0.00793326	0.00841981	0.00965668	0.00922964	0.0111173	0.0195039	0.0254352	0.0192742	0.023299	0.0280799	0.0357999	0.0273814	0.0198744	0.023313	0.0574649	0.0769647	0.0541101	0.0549198	0.0504237	0.0405301	0.0388984	0.0170387	0.0376018	0.0197455	0.0110879	0.0227088	0.0134318	0.0255499	0.0452777
</S>	0.0439456	0.0261577	0.0195414	0.014007	0.0116125	0.00796805	0.00411008	0.00377511	0.00350319	0.00369206	0.00328684	0.00592394	0.0076275	0.0111839	0.00962349	0.0111131	0.0172738	0.0293629	0.0271532	0.0254593	0.0349141	0.0714954	0.0846864	0.0740483	0.0688832	0.0689085	0.0653775	0.0512529	0.0294543	0.0405451	0.0205373	0.00540651	0.0263089	0.00769288	0.0184223	0.0457458
