 	a	t	ú	n	g	u	w	á	á	á	l	á	m	b	í	m	á	a	m	á	a	s	y	έ	n	y	ε	</S>
lorsqu'	0.100061	0.0299895	0.0119633	0.00993717	0.0102203	0.0201361	0.0313913	0.0626272	0.0673514	0.0781852	0.0761693	0.0993115	0.0964422	0.0498817	0.039357	0.0213717	0.0275965	0.011497	0.0233804	0.0237444	0.0217772	0.0297826	0.0175648	0.0117907	0.00867111	0.00544416	0.00466441	0.00969042
on	0.0627157	0.0773647	0.0432272	0.0203164	0.0420354	0.0382546	0.0384055	0.0244087	0.0480804	0.0485099	0.078772	0.0774529	0.0850217	0.0346741	0.0305834	0.0209808	0.0177581	0.00544765	0.0265692	0.0188312	0.0097005	0.0270412	0.0198413	0.0129037	0.0161579	0.0114719	0.0128088	0.0506653
cuit	0.0137709	0.0124928	0.0166256	0.0145615	0.0582427	0.0248047	0.0193607	0.0277722	0.0277539	0.0218151	0.0218083	0.0208909	0.0434332	0.0610419	0.0930396	0.0713945	0.0861768	0.031192	0.048374	0.0295834	0.0294297	0.0259057	0.0268923	0.0433793	0.0398164	0.0334641	0.0284323	0.0285455
les	0.0378596	0.0571887	0.09242	0.061823	0.0887181	0.039235	0.0218831	0.00824381	0.0141519	0.00288875	0.0139615	0.00871792	0.0127342	0.0220579	0.028775	0.0428597	0.0411345	0.039107	0.0422659	0.024042	0.021203	0.0237428	0.0232903	0.0373687	0.0369199	0.0476561	0.0389712	0.0707805
légumes	0.0196985	0.0287815	0.0468161	0.126946	0.100332	0.0388643	0.0295507	0.0302456	0.0290989	0.0117178	0.019159	0.0128915	0.0237633	0.032374	0.0304947	0.0433337	0.0466245	0.0241257	0.032332	0.0277833	0.0192186	0.031505	0.0343288	0.0246225	0.0328853	0.0282835	0.0138462	0.0603769
la	0.043628	0.0265874	0.0500768	0.108166	0.056859	0.0371431	0.0296967	0.0343081	0.0287125	0.0169966	0.0208368	0.0215863	0.0121629	0.0195608	0.0245113	0.0337979	0.0231306	0.0285844	0.019661	0.0227025	0.0209385	0.0173722	0.0144583	0.0131839	0.0273227	0.0523748	0.0510481	0.144593
quantité	0.0301159	0.0233698	0.0403623	0.0812995	0.0393243	0.0366684	0.031578	0.0326024	0.0276882	0.0168003	0.0194007	0.0195984	0.0174288	0.0252757	0.0280372	0.0331956	0.0221409	0.0294193	0.0298648	0.0239668	0.0184115	0.0232693	0.0215199	0.0206445	0.0366075	0.0504042	0.0648829	0.156123
diminue	0.0253532	0.0251734	0.0292549	0.0319382	0.0272304	0.0257419	0.0254047	0.0316124	0.0420253	0.0155926	0.0396213	0.019861	0.0136403	0.0249788	0.0262405	0.0227046	0.0181499	0.0247319	0.0354632	0.0303503	0.0287344	0.0424179	0.0259909	0.0299007	0.057552	0.0665807	0.0917925	0.121962
</S>	0.0203428	0.0194455	0.0195251	0.0196127	0.0192184	0.0209516	0.0191677	0.0181163	0.0187834	0.0125876	0.0243255	0.0265601	0.0147198	0.0172315	0.0204477	0.0318996	0.0196654	0.0472119	0.0556897	0.05287	0.0534385	0.0605871	0.0559587	0.0576456	0.0660161	0.06736	0.0670955	0.0735261
