 	o	k	á	á	b	ó	l	á	a	b	í	l	á	m	b	v	u	m	b	v	ú	s	é	f	u	n	d	u	</S>
okaa	0.00743688	0.0089811	0.00798304	0.00609348	0.00948763	0.0135687	0.0140781	0.0161342	0.06852	0.0739207	0.07088	0.0677793	0.0566163	0.0915686	0.065433	0.0761136	0.0917028	0.06254	0.0266609	0.0117284	0.00775921	0.00739602	0.0111078	0.0104378	0.0167211	0.0150132	0.0246029	0.0335948	0.0261403
arrache	0.03645	0.03053	0.0107039	0.00597129	0.00442019	0.0109142	0.0133339	0.0462729	0.0508965	0.0324806	0.0474599	0.0906564	0.103269	0.118452	0.0717951	0.06213	0.0462985	0.0430514	0.0417514	0.0259712	0.00940748	0.0130586	0.0128335	0.016166	0.0198199	0.00858783	0.0152317	0.00611155	0.00597435
les	0.0304888	0.0073725	0.00965526	0.00737162	0.0138922	0.0250594	0.0326054	0.0529819	0.0547148	0.0423017	0.0555899	0.0543035	0.0427038	0.0320078	0.0258766	0.0218927	0.0283495	0.0508314	0.0460764	0.0917398	0.0568446	0.044562	0.0399683	0.0374948	0.030756	0.0189742	0.0180075	0.0144606	0.0131168
mauvaises	0.0523286	0.0487593	0.0489227	0.0379286	0.0398851	0.0426656	0.0417652	0.0440158	0.0427205	0.0377492	0.0373279	0.0350404	0.0244783	0.0190646	0.0194825	0.0208865	0.0174364	0.0265687	0.0275351	0.0325036	0.0370263	0.0330036	0.0261087	0.0269986	0.0256711	0.0220088	0.0302735	0.0366302	0.0652145
herbes	0.0586069	0.0485364	0.0303108	0.0161688	0.0245173	0.0420592	0.0305646	0.0459951	0.0592894	0.0472577	0.0462799	0.0474315	0.0400363	0.0315924	0.0206407	0.017785	0.0158008	0.0243377	0.0283941	0.0304107	0.0258563	0.0310901	0.0290927	0.0339788	0.0239092	0.0213847	0.0317385	0.036587	0.0603473
dans	0.0310537	0.0240164	0.0234901	0.0225491	0.0341382	0.0372603	0.0446596	0.0371223	0.0438072	0.0554977	0.0412336	0.0301387	0.0316754	0.0332195	0.0247378	0.0140795	0.0108856	0.018799	0.0219523	0.0314804	0.0372264	0.0367582	0.0366161	0.0362824	0.0384137	0.040921	0.0442558	0.0438204	0.0739098
sa	0.0409119	0.034781	0.0361392	0.0375045	0.0339083	0.0382277	0.0607099	0.044676	0.051471	0.0472464	0.0347341	0.0306095	0.0235507	0.0197023	0.0203414	0.0214603	0.014787	0.016316	0.0233572	0.0278034	0.0191553	0.0225958	0.0192264	0.0226874	0.0158649	0.0251436	0.0364433	0.0611439	0.119502
parcelle	0.0622922	0.0393889	0.0273509	0.0265857	0.0178689	0.0149651	0.0165076	0.0114204	0.0134078	0.010129	0.00961871	0.00849557	0.00834407	0.00913993	0.00989853	0.01135	0.0151346	0.0208087	0.0574487	0.0658693	0.056494	0.0581623	0.042858	0.0465565	0.0379454	0.0378116	0.0563465	0.0921026	0.115699
</S>	0.104242	0.0445798	0.0277828	0.0241664	0.0301409	0.039283	0.0421094	0.0276681	0.029503	0.0290143	0.0253707	0.0201809	0.0177631	0.0150512	0.0136753	0.0139957	0.014053	0.0229001	0.0332496	0.0414026	0.0234048	0.0203208	0.017551	0.0211865	0.0180342	0.0291838	0.0415561	0.0465825	0.166049
