 	n	g	ó	o	y	a	b	í	s	í	l	á	a	k	i	r	á	n	d	z	o	ó	ó	d	z	á	n	d	e	</S>
notre	0.0717187	0.0199753	0.00753936	0.00543466	0.00362036	0.0036367	0.00263006	0.00583409	0.0202934	0.054386	0.0819003	0.127326	0.125267	0.082882	0.0422091	0.106372	0.0635533	0.0315297	0.0249728	0.0197553	0.020544	0.0151663	0.0116413	0.00789519	0.00568338	0.00601651	0.00442221	0.00802388	0.0103633	0.00940785
maman	0.257904	0.2188	0.244723	0.153561	0.0699916	0.0254678	0.00529962	0.00382519	0.00217997	0.00178003	0.0014284	0.000608059	0.000574162	0.000591181	0.000975449	0.000763761	0.000895286	0.000777119	0.000616504	0.000863626	0.00107514	0.00119662	0.00130025	0.00123662	0.00108745	0.00114844	0.000680615	0.000381408	0.000162665	0.0001059
vend	0.0188249	0.0178028	0.0170652	0.017407	0.0309681	0.0716874	0.0690017	0.115848	0.142218	0.0650949	0.0778734	0.0643635	0.0467673	0.0169647	0.0123466	0.0156145	0.0279673	0.013854	0.0146718	0.0258078	0.0221984	0.0206831	0.0290829	0.0152114	0.00816771	0.00572701	0.00455222	0.00255729	0.00457909	0.00509261
de	0.0482181	0.0253078	0.0195929	0.0193594	0.0220822	0.0173595	0.0249317	0.029746	0.0440694	0.0515913	0.0420418	0.0328227	0.0319081	0.0232797	0.0121771	0.0161503	0.00901092	0.0149322	0.0120729	0.0105791	0.0202106	0.0214964	0.0230618	0.0322682	0.0399113	0.0420182	0.0542791	0.0501289	0.0822334	0.127159
l'	0.0589304	0.0337454	0.0333946	0.0389606	0.0378106	0.0190096	0.0195102	0.0212122	0.022498	0.0227456	0.0294237	0.0205044	0.0213057	0.019666	0.0169297	0.0249304	0.0143378	0.0232632	0.0152701	0.0161628	0.0264964	0.0252652	0.0254442	0.0317218	0.0377384	0.0423541	0.0771806	0.0495777	0.0596017	0.115009
arachide	0.0207601	0.0119536	0.00982847	0.011071	0.0147121	0.00505102	0.00549429	0.00618243	0.00549427	0.0047844	0.00500684	0.00534964	0.00739993	0.00861379	0.0126057	0.0143066	0.0191881	0.0303297	0.035779	0.045529	0.0593071	0.0616913	0.0619581	0.077312	0.0705986	0.0848418	0.0593371	0.0734819	0.0784472	0.0935848
au	0.038812	0.0171677	0.0135	0.0133662	0.0253639	0.0108761	0.0146708	0.0176019	0.0123328	0.00869545	0.00888044	0.00521997	0.00573566	0.00649679	0.00774482	0.00901859	0.00967369	0.0160685	0.01199	0.0141971	0.025065	0.0278157	0.0287243	0.0591506	0.0731897	0.0850587	0.105324	0.0906167	0.0989954	0.138648
marché	0.0138956	0.0113888	0.0109283	0.0116627	0.0144909	0.00769573	0.00839467	0.00785453	0.0052866	0.00576297	0.00486748	0.00795876	0.00892773	0.0124394	0.0125324	0.0153445	0.0152569	0.0189511	0.0296683	0.0344231	0.0285759	0.0422841	0.0407139	0.0615703	0.0717557	0.0529184	0.0597724	0.0998603	0.0929761	0.191842
</S>	0.0405077	0.0333925	0.0376293	0.034623	0.0415344	0.0175953	0.0137624	0.00809476	0.00492945	0.0079543	0.00590886	0.00916847	0.00807737	0.013212	0.006878	0.0171972	0.00712267	0.00792776	0.0138043	0.016131	0.0164968	0.0225376	0.0159796	0.0468942	0.0536867	0.0256409	0.0322866	0.0959999	0.174042	0.170986
