 	n	ω	ó	d	z	e	b	e	a	o	b	h	y	é	s	a	k	a	á	</S>
tu	0.0299361	0.0205913	0.0194474	0.0187107	0.0138896	0.0178759	0.034247	0.0497133	0.0926106	0.0971272	0.10476	0.10584	0.0870871	0.0713407	0.0437343	0.0288844	0.0394207	0.0310345	0.0416769	0.0520727
n'	0.202956	0.23381	0.133619	0.0738425	0.0317009	0.0289808	0.0242714	0.0164185	0.0145876	0.0205841	0.0250599	0.0118132	0.00964373	0.0186526	0.0435454	0.0225349	0.0169065	0.0196474	0.0128015	0.0386231
as	0.148677	0.116158	0.142762	0.126816	0.0353307	0.0185213	0.0151686	0.00877192	0.0106938	0.0200939	0.0180643	0.0216403	0.0151935	0.0444138	0.0324815	0.0377601	0.0250201	0.0333694	0.0373769	0.0916866
pas	0.110966	0.0730551	0.0698426	0.0482294	0.0464853	0.0514508	0.0453802	0.0227309	0.0270902	0.0485995	0.0762803	0.0708513	0.0781529	0.0678281	0.0291569	0.0263596	0.0364904	0.0241314	0.0196871	0.0272319
bien	0.0481677	0.0514079	0.0339892	0.0276699	0.02851	0.0177389	0.0127373	0.0135055	0.00967446	0.0148166	0.0211464	0.0286753	0.0603251	0.0966319	0.0634088	0.0789231	0.100182	0.0872333	0.0979166	0.107341
cuit	0.0521649	0.0464326	0.0345907	0.0422073	0.030112	0.0256843	0.0312961	0.0404421	0.0387997	0.0654819	0.0519533	0.0729811	0.0628134	0.0823684	0.0459311	0.0473456	0.0437854	0.0516476	0.0477877	0.0861746
les	0.0488386	0.0384099	0.026552	0.0246545	0.0246651	0.0428263	0.0439243	0.0336887	0.029111	0.0438639	0.04305	0.0433344	0.055578	0.0862109	0.068218	0.056036	0.0647158	0.0642936	0.0690219	0.093007
aliments	0.0728539	0.0634942	0.0788642	0.0614819	0.0430139	0.0246308	0.0353413	0.0478594	0.0454045	0.0354371	0.0292781	0.0258738	0.0318612	0.0815177	0.0515384	0.032782	0.045257	0.0312603	0.0314795	0.130771
</S>	0.215763	0.12788	0.100965	0.0607706	0.0359508	0.0252561	0.0284142	0.0151945	0.0140565	0.0194433	0.0216305	0.0190356	0.0222031	0.0415822	0.0365548	0.0308404	0.0356047	0.0214517	0.031689	0.0957141
