 	b	í	n	í	l	é	k	ώ	n	d	i	b	i	r	á	m	í	k	á	m	b	í	l	é	b	v	w	ω	</S>
vous	0.190319	0.163284	0.106254	0.0529045	0.0572987	0.0186083	0.0125412	0.0193087	0.0257253	0.0173287	0.0241033	0.0170048	0.0180448	0.0165993	0.0151783	0.0154733	0.0105969	0.0179447	0.022272	0.0180523	0.0192506	0.018848	0.0191292	0.0184737	0.0174412	0.0168094	0.017353	0.0160307	0.0178217
avez	0.0947706	0.0831056	0.0637187	0.037578	0.041235	0.0673129	0.0531939	0.0652996	0.0503577	0.0449362	0.038894	0.0456154	0.0399852	0.0501449	0.0433503	0.0397579	0.0227022	0.0146756	0.00899286	0.00442623	0.00807503	0.0116833	0.0051901	0.00797943	0.00767967	0.00634987	0.00826814	0.00741664	0.027305
perdu	0.0319021	0.0550303	0.0803177	0.065372	0.0444551	0.0255196	0.0188518	0.0208062	0.0394519	0.0563369	0.0425894	0.029618	0.03031	0.024435	0.0246383	0.026588	0.0335931	0.0330683	0.0273477	0.0302346	0.0277838	0.0261183	0.0309678	0.0283438	0.0274921	0.0314631	0.0267274	0.0291774	0.0314603
la	0.0350371	0.023075	0.0267072	0.0289516	0.0268329	0.0204347	0.0189905	0.0196813	0.0277604	0.0307475	0.0316133	0.0368071	0.0337389	0.0402064	0.0477009	0.060993	0.0678661	0.0521743	0.0422076	0.0443237	0.0412475	0.036714	0.032704	0.0332269	0.0250037	0.030318	0.0217341	0.031136	0.0320663
bataille	0.0121512	0.0127251	0.0144528	0.0153137	0.0217738	0.0283277	0.0372659	0.034348	0.0482265	0.0337128	0.0519009	0.0319763	0.0372085	0.0280788	0.0272288	0.0308366	0.0303021	0.0242312	0.0470186	0.0451945	0.0525129	0.0452374	0.0333493	0.0309705	0.0356782	0.034741	0.0320075	0.0429494	0.08028
faute	0.0148218	0.010009	0.00983136	0.00886287	0.0123773	0.0304	0.032996	0.0324373	0.0335059	0.0240314	0.0303114	0.0300329	0.0340619	0.0479192	0.032121	0.0233646	0.0305458	0.0358441	0.0404216	0.0509706	0.047656	0.0475277	0.0458813	0.043371	0.0361513	0.0404403	0.0442681	0.0499836	0.0798544
de	0.0266632	0.0177245	0.0162193	0.0133671	0.0147488	0.0285	0.0227152	0.0190072	0.0203156	0.0151529	0.0163775	0.018186	0.0253193	0.0375918	0.035683	0.0338359	0.0437176	0.0389103	0.0449953	0.049408	0.0477739	0.0415223	0.0496902	0.045622	0.0495604	0.050068	0.0549229	0.0487499	0.0736521
solidarité	0.0353349	0.0212448	0.018844	0.0196206	0.0186995	0.0140038	0.0130667	0.015528	0.0200057	0.0178126	0.0178628	0.0227681	0.0216147	0.0269137	0.0283165	0.0289293	0.0293148	0.0252105	0.0371544	0.0319261	0.0534379	0.0542832	0.0559661	0.0580015	0.0617708	0.0597222	0.0642082	0.0539585	0.07448
</S>	0.0325866	0.0298341	0.0288683	0.0276496	0.0253854	0.0127296	0.00867236	0.00947653	0.0131367	0.010607	0.0114118	0.0109293	0.0103204	0.0139118	0.0214494	0.022123	0.0176238	0.0195319	0.0276634	0.0175838	0.0376778	0.0334578	0.0439881	0.049521	0.0697327	0.0747602	0.105504	0.0916834	0.12218
