 	o	y	ú	r	u	w	ó	a	d	í	l	i	b	á	n	g	a	i	y	í	í	m	é	b	ώ	ω	</S>
cette	0.0131668	0.0146141	0.0107876	0.00880794	0.00552904	0.00576274	0.00663888	0.00441305	0.00417487	0.00569277	0.0126698	0.0127603	0.0120913	0.0492408	0.0810779	0.0707589	0.108899	0.0529548	0.074343	0.0604619	0.0883822	0.0740802	0.0348744	0.043803	0.0461143	0.0534675	0.0444332
femme-ci	0.0382821	0.135872	0.265558	0.0975375	0.0627039	0.0761967	0.0926967	0.0419917	0.0290974	0.0169221	0.0594203	0.0168425	0.00775071	0.00302735	0.00480032	0.00518868	0.00917513	0.0129066	0.00413133	0.00401745	0.00355337	0.00343882	0.00366343	0.00228728	0.00146021	0.000713721	0.000764419
a	0.0556705	0.038529	0.0345078	0.0272864	0.0668328	0.0389987	0.0405857	0.0493858	0.0496729	0.0254411	0.0255973	0.0113535	0.0164499	0.0182583	0.0526149	0.053515	0.0568721	0.048985	0.0886605	0.106861	0.0391481	0.0154737	0.0111079	0.00602998	0.00524891	0.00930506	0.00760769
beaucoup	0.0354796	0.0972808	0.0774764	0.0803306	0.0333661	0.027241	0.0248803	0.0218957	0.0250853	0.0246294	0.0137749	0.0114717	0.0100309	0.0167103	0.0289728	0.0413327	0.0574859	0.0873314	0.0692122	0.0542876	0.045742	0.0194689	0.0184143	0.0137737	0.0134099	0.0261346	0.0247809
de	0.113992	0.130779	0.0869626	0.0918439	0.0540552	0.0408705	0.0334204	0.0359338	0.0363381	0.0269096	0.0132446	0.00785116	0.0117831	0.0184029	0.0174037	0.020993	0.0116644	0.0214288	0.0131427	0.0166424	0.0129869	0.0124879	0.0180861	0.0202175	0.0232967	0.0394187	0.0698443
bracelets	0.0795536	0.0684485	0.0590133	0.0526676	0.0528831	0.0364862	0.037455	0.0394333	0.0237124	0.0165092	0.0100421	0.00998263	0.00831487	0.0120361	0.0181842	0.023329	0.0204482	0.0346748	0.0346927	0.0397007	0.0256158	0.0248866	0.0299271	0.0373407	0.033466	0.0456247	0.125572
au	0.154002	0.100491	0.0624326	0.0522188	0.0550132	0.0364332	0.0447387	0.0499755	0.0320296	0.0200729	0.00948036	0.00777393	0.00859717	0.0135339	0.0196923	0.0255937	0.0194899	0.0353922	0.0316384	0.0324541	0.0296239	0.0170449	0.0123447	0.0235858	0.0201752	0.0264955	0.0596764
bras	0.0373398	0.0271896	0.0264191	0.0384256	0.0397928	0.0411735	0.0363134	0.042754	0.0323638	0.0260642	0.0153451	0.0121352	0.0165011	0.0225931	0.0240343	0.0329006	0.0281952	0.0249576	0.0227649	0.0135101	0.0220152	0.0230175	0.0283992	0.0406741	0.0726312	0.0700673	0.182422
</S>	0.257322	0.198535	0.135538	0.081137	0.082545	0.0221588	0.0114534	0.0113647	0.0083198	0.00442931	0.00239432	0.00196089	0.00275367	0.0033574	0.00545539	0.00766067	0.00577803	0.0116006	0.0069775	0.00822835	0.0103707	0.00837519	0.00934369	0.0185606	0.0164005	0.0223237	0.0456557
