 	o	t	í	i	s	í	m	á	m	b	v	á	n	d	é	w	ó	m	ó	o	d	z	ε	s	έ	έ	n	g	á	</S>
la	0.00865034	0.0130085	0.0147073	0.0127564	0.00894614	0.0110173	0.0141114	0.0171065	0.0267446	0.0233251	0.0351433	0.0315556	0.0358479	0.030398	0.03314	0.042537	0.0486942	0.0243653	0.0276911	0.0270606	0.0344046	0.0324263	0.0541694	0.083479	0.0447017	0.0612573	0.0639605	0.0468146	0.0544959	0.037484
maigreur	0.0275536	0.0328864	0.0271394	0.0379834	0.0355041	0.0536177	0.0527758	0.0623163	0.0377792	0.0787395	0.0784058	0.0372412	0.0383691	0.0451963	0.0533235	0.0650468	0.0250532	0.0144382	0.0222681	0.0410761	0.0267783	0.0159143	0.0232212	0.0145903	0.00602754	0.028674	0.00678364	0.00375645	0.00398493	0.00355578
de	0.138433	0.09392	0.0856929	0.0339609	0.0267997	0.0323493	0.0331119	0.0357923	0.0239902	0.015547	0.0172622	0.0214554	0.0276122	0.0288266	0.0333681	0.0278469	0.0158001	0.0302484	0.0246769	0.0321629	0.0356149	0.049293	0.0287347	0.0177863	0.0162619	0.0193931	0.0119891	0.0102664	0.0164936	0.0153101
ce	0.0170294	0.0201529	0.0315196	0.0242482	0.0256238	0.0334489	0.0421719	0.0870143	0.0727493	0.0523959	0.0821996	0.0413902	0.0425018	0.0383391	0.062919	0.0727421	0.0430598	0.0320213	0.0285471	0.0151214	0.0152002	0.00706056	0.00815418	0.0101773	0.00804673	0.011525	0.0117338	0.00991907	0.0150343	0.0379533
chien	0.0625329	0.0591163	0.0491982	0.0567924	0.0647472	0.0547128	0.0364758	0.0395105	0.0270364	0.0201973	0.0389651	0.0255586	0.0275353	0.0300157	0.0403632	0.0560307	0.0215575	0.0185895	0.0216842	0.0159464	0.015524	0.0134505	0.0106796	0.0109126	0.0135445	0.0155234	0.0135747	0.0191757	0.0253901	0.095659
me	0.0525665	0.0566917	0.0687603	0.0542962	0.0476242	0.028504	0.0145462	0.0141404	0.00840334	0.00839805	0.0216466	0.0198179	0.0274457	0.0270762	0.0385609	0.0671919	0.022618	0.0255729	0.0284461	0.0339669	0.0368112	0.0183812	0.0153231	0.0189663	0.0208455	0.0344796	0.030694	0.0302774	0.0430115	0.0849361
fait	0.100175	0.0897882	0.0432281	0.0357711	0.0297534	0.0155102	0.0081246	0.00698443	0.00576282	0.00368168	0.00766183	0.00879496	0.0136231	0.0146807	0.0200136	0.0361416	0.0240353	0.0428801	0.0308889	0.0362098	0.0389414	0.0233574	0.010638	0.0183698	0.0102404	0.0163441	0.0151161	0.0449783	0.052407	0.195898
rire	0.276139	0.217105	0.0871962	0.0386856	0.0182083	0.00683601	0.00490625	0.00442098	0.00358795	0.00321824	0.00393668	0.00327135	0.00397558	0.00454269	0.0063817	0.0110604	0.00807245	0.0151749	0.00947633	0.011292	0.015077	0.0136058	0.00652574	0.0142165	0.00722424	0.0102875	0.0100901	0.0275332	0.0339192	0.124033
</S>	0.0438151	0.0284542	0.0211277	0.0194725	0.0108534	0.00845067	0.00314965	0.00304337	0.00211659	0.0020006	0.00352259	0.00404898	0.0040702	0.00597234	0.00724967	0.0140873	0.0119855	0.0186741	0.0255933	0.0366627	0.0368299	0.0760778	0.0601768	0.0613208	0.0695975	0.0562984	0.0602532	0.0646229	0.0702868	0.170185
