 	m	w	á	n	a	a	d	í	l	a	o	b	h	ó	m	í	m	a	m	b	v	ú	l	á	y	a	w	a	k	a	á	</S>
c'	0.0115572	0.0168696	0.013215	0.00871003	0.0112716	0.00341626	0.00682974	0.0136704	0.0185268	0.0457867	0.0181129	0.0346074	0.0414189	0.113142	0.130718	0.135854	0.0974422	0.0729472	0.0301446	0.009871	0.0132243	0.0117459	0.0121736	0.014171	0.00981012	0.0129758	0.0130468	0.0150157	0.0129608	0.0196371	0.0174599	0.013668
est	0.133266	0.116497	0.0747623	0.0254429	0.0209181	0.0242796	0.033807	0.0285067	0.013106	0.0258536	0.02036	0.0165211	0.0144955	0.0352726	0.0390382	0.0587671	0.0310106	0.0370934	0.0195313	0.00945226	0.0344177	0.0503718	0.0264349	0.01647	0.0227734	0.010282	0.0112505	0.00791377	0.00778388	0.00678116	0.0101004	0.0174391
un	0.0979236	0.0233814	0.0471054	0.00993297	0.0201922	0.0352021	0.0270866	0.0182789	0.0172093	0.018876	0.0251347	0.0119481	0.0361857	0.0253187	0.0123945	0.0142043	0.0124983	0.0155187	0.0189189	0.00529188	0.0126657	0.0183878	0.0214342	0.0178657	0.0283414	0.0237856	0.0273675	0.0296106	0.0345725	0.0393724	0.054522	0.199473
enfant	0.055876	0.0426461	0.0319481	0.0201726	0.0291177	0.0447797	0.0646673	0.0392371	0.0520976	0.0533684	0.0313045	0.011247	0.0188967	0.0540289	0.0230495	0.0302949	0.0220529	0.0231255	0.0174147	0.0133146	0.0322358	0.0658679	0.0767675	0.0451042	0.00299711	0.0283787	0.00955893	0.014437	0.00774402	0.00218954	0.00330636	0.0327734
avancé	0.0559685	0.0144406	0.0192384	0.0212786	0.0115469	0.0147938	0.0271868	0.0203035	0.0145756	0.0111079	0.012227	0.00710916	0.010071	0.00819347	0.00879491	0.0124794	0.0131709	0.018945	0.0383572	0.0329571	0.0215958	0.0615301	0.0813795	0.0344733	0.0245547	0.0317647	0.0459291	0.0448873	0.120576	0.0390516	0.0817874	0.0397247
pour	0.073091	0.033625	0.0695139	0.0251452	0.0153049	0.0248728	0.0317989	0.0328833	0.0512437	0.0282305	0.0320132	0.0153991	0.0170194	0.00809589	0.00828626	0.00921156	0.0121635	0.0109413	0.0156122	0.0106754	0.0250872	0.0355609	0.0458534	0.0447748	0.0351672	0.0406889	0.0352136	0.0316579	0.0342687	0.0295941	0.0393121	0.0776943
son	0.0539753	0.0275859	0.0251264	0.0126015	0.0136587	0.0140858	0.0371854	0.0329592	0.0475952	0.0455772	0.0480823	0.0240368	0.0250177	0.0151396	0.0191976	0.0218991	0.0167559	0.0138341	0.0173551	0.0136487	0.0177174	0.0248085	0.044101	0.0435101	0.0311512	0.0422549	0.036882	0.0372864	0.0346027	0.0409563	0.0416779	0.0797342
âge	0.0225243	0.0118772	0.012276	0.00596639	0.00677787	0.00848161	0.0151029	0.0181563	0.0228821	0.0225541	0.0500704	0.0376752	0.0431078	0.0477244	0.0457437	0.0494904	0.0553205	0.0425149	0.0759179	0.0383807	0.0470398	0.0637056	0.0474299	0.0227608	0.0193235	0.018305	0.0045564	0.00750795	0.0197136	0.0177385	0.0203192	0.0790549
</S>	0.0649739	0.0307272	0.0286461	0.0121687	0.0183513	0.0175557	0.0369766	0.0218745	0.0209946	0.0216514	0.0306389	0.0168155	0.0180014	0.046555	0.0543208	0.0437995	0.0572276	0.0419158	0.0594696	0.0263945	0.0505323	0.0209039	0.0233633	0.0117956	0.00642437	0.0190864	0.0127795	0.00638052	0.00932105	0.0174453	0.0166457	0.136264
