 	m	w	á	n	a	a	d	í	l	a	d	z	ó	l	a	l	í	í	i	p	é	n	d	i	a	m	b	v	ú	l	á	b	á	w	a	</S>
c'	0.00781397	0.00506583	0.00758124	0.0119697	0.00415996	0.00451002	0.00956255	0.00931202	0.0132976	0.0316519	0.0244663	0.0302656	0.0426111	0.0586107	0.0934746	0.0777689	0.0565668	0.0645049	0.0938954	0.0593189	0.0479946	0.0371035	0.0189641	0.0192624	0.0187699	0.0247793	0.0147155	0.011771	0.0104715	0.0141515	0.015477	0.0124329	0.00917941	0.0102748	0.0128365	0.0154082
est	0.190628	0.147059	0.0451008	0.044967	0.0215782	0.0279139	0.0272773	0.0297424	0.0234211	0.0226192	0.0135907	0.0153335	0.019646	0.0241664	0.0161261	0.0354704	0.0305303	0.0251399	0.0313173	0.0315064	0.0211223	0.0152049	0.0189603	0.011147	0.0122817	0.0137936	0.00741953	0.00804441	0.00650854	0.00941606	0.0104332	0.00781866	0.00936632	0.00659458	0.00738022	0.011375
un	0.079195	0.0284333	0.011036	0.0148427	0.00881587	0.0151217	0.0138743	0.0147917	0.0185837	0.0218317	0.0314357	0.040782	0.0379397	0.0276267	0.0175807	0.0285277	0.0534887	0.033949	0.0369428	0.0254557	0.0343144	0.0335139	0.0165408	0.020027	0.0277563	0.0146878	0.0232842	0.0205028	0.0266044	0.0200283	0.0143479	0.0177144	0.0189472	0.0199655	0.0239898	0.107521
enfant	0.0410681	0.0318468	0.00950831	0.0146431	0.0188368	0.018852	0.0379174	0.0287391	0.0286613	0.0235846	0.0282954	0.014419	0.0152879	0.0356309	0.0509388	0.0322193	0.0518398	0.0482483	0.0317312	0.0408469	0.0274951	0.0257166	0.0313879	0.0314804	0.0409818	0.0487549	0.0373031	0.0396805	0.0408157	0.0117685	0.0107273	0.00703767	0.00288018	0.0019289	0.00126438	0.0376622
avancé	0.0441521	0.018574	0.00978915	0.0103889	0.0149638	0.0124596	0.0122534	0.0108708	0.0128762	0.00478274	0.00594981	0.0038947	0.00717211	0.00425478	0.00518352	0.00605965	0.0114543	0.0135797	0.024695	0.0267964	0.0397457	0.065176	0.045571	0.0691497	0.0558016	0.0534021	0.101641	0.06663	0.0581674	0.0517628	0.0299215	0.0206523	0.0269259	0.0137343	0.0141877	0.0273801
pour	0.101622	0.0527892	0.0260617	0.0235106	0.0476655	0.0353728	0.0251496	0.0512391	0.0307933	0.0197347	0.0193999	0.0202337	0.0130005	0.0147101	0.00983688	0.008282	0.00950664	0.00731179	0.00763542	0.00824588	0.00950842	0.0123476	0.0106733	0.0141202	0.0162325	0.0274177	0.0293641	0.0347716	0.0396148	0.0389693	0.039818	0.0422978	0.0291572	0.0261275	0.0255657	0.0719126
son	0.0664377	0.0308408	0.018994	0.0169825	0.0177865	0.0251643	0.0275117	0.0303282	0.0240556	0.0188768	0.0234046	0.0226758	0.0251141	0.0249382	0.0296297	0.0405963	0.0252382	0.0200576	0.0155835	0.0159388	0.0120934	0.0126205	0.0121693	0.0182723	0.0153284	0.0204482	0.0217623	0.0255959	0.0303043	0.0275607	0.032243	0.0331563	0.0394063	0.0392955	0.0326555	0.106933
âge	0.0252888	0.0140231	0.00690908	0.00604031	0.00664928	0.00968187	0.0102971	0.019707	0.0259727	0.0127255	0.0229758	0.0247023	0.0326819	0.0335872	0.0347014	0.0337275	0.0384337	0.0412932	0.0353355	0.0431551	0.0382053	0.0480391	0.0441729	0.053606	0.0428523	0.0361892	0.0285497	0.0280271	0.0298004	0.0315147	0.00905583	0.00601528	0.00782683	0.00485614	0.00811308	0.105288
</S>	0.0407075	0.0284685	0.0158016	0.0142154	0.0161662	0.024725	0.0230474	0.018988	0.0158406	0.00590573	0.00934035	0.00916081	0.0128649	0.0126481	0.0204082	0.0237446	0.0226572	0.0343679	0.0341701	0.0349051	0.0381068	0.0564992	0.0290546	0.0313746	0.0299859	0.0316631	0.033866	0.0255247	0.0218648	0.031616	0.00957712	0.0104847	0.0142395	0.0116584	0.0196904	0.186661
