 	l	a	k	ó	l	i	n	g	ó	o	l	á	a	k	y	a	b	í	s	í	i	s	í	m	á	</S>
la	0.00554857	0.00488286	0.00518169	0.00488603	0.0041845	0.00792557	0.00851463	0.00674154	0.0173987	0.0289017	0.0386629	0.0469341	0.06886	0.0680391	0.0896454	0.0531365	0.160578	0.188599	0.0503707	0.0382259	0.0281193	0.0144827	0.0179358	0.0137546	0.015953	0.0125378
nuit	0.0269971	0.0305733	0.0289565	0.0540505	0.0753552	0.0287939	0.0543262	0.0436633	0.150079	0.181907	0.0576265	0.0498263	0.0594186	0.0483771	0.0225984	0.0149604	0.00730313	0.00849363	0.00805833	0.00794043	0.0103043	0.0105094	0.00643267	0.00788442	0.00274356	0.002821
notre	0.0183728	0.025987	0.0238908	0.0197282	0.0303409	0.0372085	0.0515063	0.0507933	0.0472275	0.0555256	0.0546689	0.0400126	0.0324439	0.0359043	0.0518228	0.0681762	0.116631	0.0954031	0.0372654	0.0385143	0.0157064	0.0149037	0.0125646	0.0102744	0.0111442	0.00398283
mère	0.0710231	0.0524076	0.0386047	0.0531875	0.0553298	0.0332416	0.0348427	0.0299612	0.0194379	0.0213429	0.0418038	0.0437067	0.0889047	0.10567	0.0661924	0.0670033	0.0375369	0.0143501	0.0141493	0.0085118	0.00647519	0.00924528	0.00864521	0.0168161	0.0188706	0.04274
nous	0.0415366	0.0334723	0.0281274	0.03573	0.0396103	0.0321354	0.0392823	0.049586	0.030462	0.0239472	0.0370037	0.0441248	0.0765489	0.0807211	0.0424655	0.0717014	0.0626495	0.0391257	0.0329823	0.0205853	0.013587	0.0178557	0.0162768	0.0215592	0.0185349	0.0503886
récite	0.0941282	0.0577534	0.043635	0.0470587	0.0406844	0.0268489	0.0288317	0.030537	0.0410717	0.0391192	0.0442437	0.04039	0.0420037	0.0245958	0.0125738	0.00846515	0.0110442	0.014628	0.0409733	0.0133027	0.0253185	0.0252767	0.0494321	0.0550525	0.0455714	0.0974602
des	0.130827	0.11007	0.0975705	0.0807853	0.0604958	0.0382774	0.0318761	0.0271326	0.0345178	0.0238407	0.0212802	0.00986879	0.00511304	0.00365034	0.00327455	0.00899034	0.0108631	0.0314636	0.0462835	0.0192681	0.0342997	0.0280117	0.0362153	0.0318058	0.0262846	0.0479341
contes	0.116623	0.0649127	0.0373827	0.0306228	0.0265705	0.0302722	0.0199963	0.019242	0.0176343	0.0150423	0.0160929	0.0119301	0.00865003	0.0087534	0.00804526	0.0142386	0.0159783	0.0197854	0.0280911	0.0202752	0.0480825	0.0430713	0.0754276	0.0672307	0.0805562	0.155492
</S>	0.0458502	0.0382265	0.0372701	0.0363275	0.0300273	0.0300631	0.0246042	0.0214134	0.0154987	0.0119003	0.00879634	0.00422251	0.00264431	0.00354491	0.0028279	0.00401716	0.00376412	0.00967592	0.0350608	0.0326421	0.0633806	0.0815794	0.0743555	0.103858	0.089781	0.188668
