 	o	s	é	m	b	á	m	ú	ó	d	í	a	p	ó	p	o	r	o	a	n	έ	a	n	έ	</S>
cette	0.0171983	0.0208466	0.0260594	0.0152932	0.0315373	0.0353256	0.0208909	0.0228797	0.0230187	0.0275357	0.0300472	0.0336819	0.0461444	0.0572119	0.0357228	0.0376604	0.0432868	0.0535535	0.062674	0.0692548	0.0570265	0.0703413	0.0533427	0.049398	0.0600687
termitière	0.00967118	0.00753029	0.0144095	0.0248411	0.0267929	0.0166055	0.00932526	0.0351715	0.0675363	0.0587403	0.133282	0.17473	0.0932355	0.0612809	0.0404052	0.0368701	0.0182619	0.0407533	0.0323216	0.0328253	0.0309216	0.0139138	0.0142298	0.00383848	0.00250662
a	0.0398488	0.0259031	0.0274349	0.0378538	0.0457951	0.0514949	0.0574946	0.0477524	0.0481042	0.0479086	0.0421865	0.0366181	0.0587987	0.0740834	0.111312	0.0751538	0.053563	0.0344953	0.0259555	0.0195462	0.00917898	0.0110929	0.00590994	0.00503243	0.00748316
de	0.0536353	0.0471754	0.0695656	0.0955482	0.0572525	0.0440463	0.0434692	0.0617762	0.0359268	0.0352513	0.0255155	0.0570269	0.0412117	0.0346265	0.0448069	0.0368552	0.0292897	0.0251214	0.0231877	0.0225143	0.0215648	0.0231988	0.0212872	0.0214829	0.0286638
gros	0.0378416	0.0158281	0.017579	0.0276349	0.037001	0.0730414	0.0608205	0.0876012	0.0960752	0.0942853	0.070803	0.0552503	0.0326129	0.015953	0.0253512	0.0165025	0.0212221	0.0208395	0.0244665	0.0185103	0.0215229	0.0230223	0.0226158	0.0202142	0.0634053
trous	0.0279999	0.0198653	0.0267013	0.0445746	0.0507464	0.0649685	0.0472562	0.065163	0.0573743	0.0584596	0.0510824	0.0380006	0.0200099	0.0133876	0.0376703	0.0286111	0.0412975	0.0370678	0.0461799	0.0347026	0.0368805	0.031807	0.0344079	0.0321515	0.0536341
d'	0.0546481	0.0418499	0.036159	0.0346566	0.0227999	0.0211279	0.0208011	0.0223375	0.021837	0.0160852	0.0109308	0.0183682	0.0184304	0.0159828	0.0482315	0.0509642	0.0642407	0.0480054	0.0492128	0.0449905	0.0492597	0.0469207	0.0549158	0.0686522	0.118592
aération	0.0950675	0.0688402	0.0406383	0.0198815	0.0142006	0.0118176	0.0111584	0.00724	0.00664574	0.00592096	0.00393479	0.00356498	0.00805488	0.0136875	0.0170315	0.0342463	0.040559	0.0562612	0.0474539	0.0599133	0.0591431	0.0525125	0.0801929	0.0910794	0.150954
</S>	0.113759	0.0804825	0.0350328	0.0227894	0.0141099	0.01724	0.0169117	0.0164004	0.0123698	0.010162	0.00414693	0.0026803	0.00243129	0.00564959	0.00912254	0.0294808	0.0268545	0.0444657	0.0219567	0.0371252	0.0355472	0.0290347	0.0952969	0.116833	0.200118
