 	e	f	u	r	ú	r	ú	y	é	é	f	u	r	á	b	á	a	b	í	s	í	é	d	í	l	o	d	í	n	g	á	</S>
la	0.00912969	0.0123147	0.011262	0.010345	0.0133091	0.0162511	0.0127498	0.0244502	0.0232972	0.0283029	0.0394631	0.0592294	0.0678984	0.0604142	0.0630868	0.0434219	0.0318996	0.0322752	0.0215527	0.0193449	0.0210326	0.0219116	0.0365494	0.0205122	0.0308805	0.0423685	0.0345469	0.0283988	0.0455479	0.0383488	0.0481705	0.0317342
manière	0.0365733	0.0822027	0.0961117	0.108895	0.0653116	0.0342422	0.0591141	0.0289665	0.0246242	0.0230113	0.0418677	0.0706379	0.0862726	0.0439396	0.054408	0.0141007	0.00899912	0.00468216	0.0015946	0.00788661	0.0100244	0.0140108	0.00722918	0.00534007	0.00977603	0.016369	0.00485423	0.0152273	0.0115813	0.00506985	0.00465408	0.00242238
dont	0.157929	0.0618324	0.0362231	0.017297	0.0151315	0.0231164	0.0434482	0.0358298	0.0289217	0.0220389	0.0276361	0.0297106	0.0415926	0.0233792	0.0392057	0.0369668	0.0289224	0.0157713	0.0258302	0.0238068	0.0217435	0.0371818	0.0330604	0.0525371	0.0375891	0.0103171	0.0100225	0.0152203	0.008698	0.00955613	0.0150311	0.0144529
on	0.0360726	0.0326099	0.0402844	0.025131	0.0260458	0.0200905	0.0221486	0.0300025	0.0260972	0.019852	0.0123289	0.0260018	0.0385863	0.037494	0.0903083	0.153398	0.0494752	0.0476815	0.0483693	0.0272633	0.0242669	0.0126611	0.0158417	0.0181161	0.00765377	0.00588025	0.00691982	0.00615332	0.00873584	0.0116186	0.0158094	0.057102
nous	0.0475038	0.0225568	0.0241192	0.0220729	0.0296667	0.0312003	0.0338802	0.0215711	0.0113658	0.0132626	0.0163446	0.0211284	0.0286506	0.0329875	0.0752309	0.0975387	0.0669919	0.0981041	0.0696658	0.0369383	0.0267516	0.0266696	0.0159102	0.0271626	0.0123302	0.00668791	0.00963749	0.00865269	0.00986247	0.0102741	0.0143879	0.030893
paye	0.0238078	0.0189952	0.0291019	0.0230268	0.0309306	0.0333022	0.0358548	0.0241868	0.0130746	0.0160196	0.0130012	0.0183907	0.0127022	0.0119548	0.0235163	0.0526297	0.0543396	0.063279	0.0761934	0.0398498	0.0515099	0.0426856	0.0254523	0.0430713	0.0207985	0.0158877	0.0157064	0.0207004	0.0288562	0.0204523	0.0400673	0.0606551
est	0.0681546	0.0336452	0.0302139	0.0204935	0.0190297	0.0297511	0.0234986	0.018198	0.0182348	0.0156079	0.011572	0.00867973	0.0108331	0.014571	0.0248125	0.0333284	0.0467278	0.0613928	0.0710008	0.0429713	0.0315382	0.0202165	0.0163807	0.0335898	0.0278886	0.0143324	0.0202592	0.0239893	0.0183462	0.0465729	0.0370649	0.107104
tardive	0.0362498	0.0385991	0.0410874	0.0396361	0.0301652	0.0235115	0.0209193	0.0132783	0.0120717	0.0123983	0.00968823	0.00774098	0.00691738	0.00504452	0.0137224	0.0142755	0.0148712	0.00746683	0.00667818	0.0111184	0.0139208	0.00491761	0.00895076	0.0120909	0.0218112	0.0380359	0.0381948	0.0711327	0.0667823	0.110321	0.102791	0.145611
</S>	0.0277262	0.0324285	0.0357491	0.027529	0.0246915	0.0295573	0.0247616	0.0259281	0.0190143	0.0260681	0.0181177	0.0197971	0.00983198	0.00601834	0.00835681	0.00514092	0.00891799	0.0134395	0.00725285	0.0164633	0.0158491	0.0116497	0.0127156	0.0137071	0.0195342	0.0600405	0.0341259	0.0437844	0.0642866	0.0743627	0.0857252	0.177429
