 	o	k	y	é	n	á	m	á	n	d	é	e	y	á	b	í	s	í	á	b	h	e	á	ó	n	g	y	ε	l	έ	</S>
le	0.00768493	0.0130938	0.0173443	0.0189175	0.0199249	0.0250907	0.0292848	0.0248584	0.0321966	0.0334495	0.0365154	0.0500678	0.0396472	0.0663562	0.0786353	0.0738877	0.063106	0.0381119	0.036035	0.0296254	0.0247894	0.0199648	0.0182657	0.0192975	0.0274527	0.0255156	0.0327423	0.0234831	0.0334342	0.0201199	0.0211013
puiné	0.0130948	0.0286943	0.0561651	0.0588972	0.0327962	0.0268228	0.0238672	0.0121405	0.0267356	0.0346527	0.0528138	0.113337	0.057751	0.0563531	0.0878753	0.0749372	0.0605622	0.0370719	0.0348387	0.0291951	0.0163629	0.00552609	0.00829963	0.0103653	0.00873908	0.00990414	0.0141089	0.0038012	0.00195962	0.00151029	0.000821289
de	0.0209621	0.0214995	0.0181888	0.0138073	0.0139678	0.0216671	0.0243401	0.0447093	0.0360924	0.0486834	0.0334412	0.0272999	0.0338326	0.055409	0.0453767	0.0605734	0.0522884	0.0474239	0.0304067	0.0375734	0.0439033	0.0778977	0.0557141	0.0487918	0.0288466	0.0159412	0.0167374	0.00666718	0.0067757	0.00751971	0.0036621
notre	0.0191836	0.0265258	0.0306356	0.0405137	0.0376762	0.0341453	0.0290644	0.0365712	0.0464781	0.0516872	0.039576	0.0287841	0.0294119	0.0351656	0.0263401	0.0292254	0.0345194	0.0466093	0.0376086	0.0400898	0.0410677	0.03613	0.027933	0.0340451	0.0201327	0.0171954	0.0182701	0.0155356	0.0190774	0.0385938	0.032208
famille	0.0484896	0.0213304	0.012969	0.0150016	0.0208107	0.0315966	0.0270777	0.0229847	0.0281862	0.0397622	0.0396967	0.061481	0.0635144	0.0492464	0.0468338	0.0433746	0.0317694	0.0260008	0.0367858	0.0432688	0.0381386	0.0185071	0.0180965	0.0291125	0.0155399	0.023769	0.0284043	0.034043	0.0199351	0.0234808	0.0407925
est	0.0497778	0.05286	0.0440169	0.0499089	0.0521592	0.0655042	0.0436025	0.0962097	0.0710163	0.0852237	0.0590453	0.0290309	0.0349171	0.0420289	0.0287099	0.032245	0.0187812	0.0229047	0.0110849	0.00950296	0.00833807	0.00907868	0.00613114	0.00749766	0.00427063	0.00331717	0.00529918	0.00523716	0.00710959	0.0198328	0.0253576
à	0.0466112	0.0270599	0.0176904	0.0160644	0.0158821	0.011759	0.0110634	0.0102674	0.0136329	0.0178106	0.0216106	0.0397572	0.0359889	0.0226555	0.0238539	0.0146174	0.0123873	0.0120373	0.0213544	0.0240765	0.0270933	0.0339742	0.034132	0.0687434	0.0476684	0.0548607	0.0744627	0.0724508	0.0423371	0.0499952	0.0781019
brazaville	0.0576738	0.0363715	0.0319104	0.0286095	0.0328927	0.0434481	0.0387873	0.0359181	0.0288724	0.03042	0.0296463	0.0203233	0.0278087	0.0264885	0.0139034	0.0113411	0.00897308	0.0133225	0.0265173	0.0326143	0.0408776	0.02372	0.0241488	0.0310677	0.0260347	0.0241712	0.0281316	0.0243027	0.0328318	0.064435	0.104436
</S>	0.106108	0.0814779	0.0618567	0.0444166	0.0389215	0.0230837	0.0207211	0.0183584	0.0182976	0.0177093	0.0195369	0.0209993	0.0168336	0.00918177	0.0079593	0.00681286	0.00721159	0.0100325	0.0128676	0.0121224	0.0159961	0.0177477	0.0229423	0.0344232	0.0214605	0.027315	0.0305296	0.0335717	0.0314198	0.0756081	0.134477
