 	n	g	ó	o	á	y	i	s	á	á	w	a	m	ó	m	b	ώ	n	g	ω	</S>
sa	0.227791	0.248942	0.0812185	0.0325977	0.00907131	0.00937985	0.0061378	0.00687179	0.0238754	0.0303227	0.0569964	0.0471333	0.078971	0.0348055	0.0233312	0.0171284	0.014965	0.0149007	0.015306	0.0109448	0.00930982
mère	0.264538	0.12648	0.0974029	0.0410478	0.0553802	0.112757	0.116274	0.0361067	0.0470226	0.0393854	0.0184878	0.0135499	0.00947455	0.00750395	0.00732302	0.00312062	0.00168732	0.00115047	0.000454955	0.000383109	0.00047016
l'	0.0239085	0.0615709	0.0411955	0.0778824	0.0393286	0.0279704	0.0229079	0.0268095	0.0822353	0.0836606	0.126346	0.0549495	0.024276	0.0401627	0.039193	0.0314595	0.0473472	0.0607017	0.0344693	0.0288793	0.0247465
a	0.0148456	0.0149934	0.0169211	0.0246703	0.0260998	0.060198	0.0607306	0.0968923	0.29006	0.0564805	0.0976571	0.0416362	0.0348593	0.0236855	0.015769	0.01723	0.0152687	0.0206659	0.0202585	0.0247092	0.0263693
habitué	0.0485995	0.032897	0.0348466	0.0353616	0.0224231	0.0319903	0.0411112	0.0237494	0.0225741	0.0270823	0.0242054	0.0267741	0.0261788	0.0507845	0.0603575	0.0641878	0.0652915	0.0658294	0.070428	0.0962233	0.129105
à	0.0735214	0.0508494	0.0376791	0.0350209	0.019486	0.0225312	0.019756	0.0162025	0.0144832	0.0190336	0.0206131	0.0108657	0.0162367	0.0286987	0.0404269	0.0374167	0.0453855	0.0431421	0.0584441	0.141005	0.249202
l'	0.0335238	0.0290016	0.0300881	0.0303212	0.0288338	0.0314423	0.0347364	0.0208486	0.0222545	0.0186911	0.0246968	0.0364729	0.0307019	0.0612773	0.0567813	0.0545441	0.0625182	0.0799661	0.114511	0.087822	0.110967
argent	0.0184554	0.0166406	0.0177062	0.02011	0.0287181	0.0302131	0.0309017	0.0283997	0.0314231	0.0250821	0.024019	0.033325	0.028578	0.0439596	0.0310355	0.0314632	0.0451655	0.0613382	0.0943399	0.168131	0.190995
</S>	0.0232717	0.01925	0.0199919	0.0234832	0.0306715	0.0327557	0.0345721	0.0253511	0.0231742	0.0149979	0.0216924	0.0223771	0.0262918	0.0601493	0.0553757	0.0455598	0.0537211	0.0522068	0.0753044	0.151781	0.188021
