 	é	d	í	e	k	y	é	n	á	á	e	p	ω	ώ	m	w	é	s	é	w	a	m	έ	n	d	e	</S>
c'	0.0766535	0.130857	0.107529	0.0992353	0.0617472	0.0359915	0.0550538	0.034453	0.0485808	0.0285422	0.0266901	0.0190863	0.0161989	0.0110615	0.0181248	0.0355841	0.0222754	0.0149387	0.0243832	0.013981	0.0130914	0.0088853	0.0100865	0.0126094	0.0184319	0.0211395	0.0347883
est	0.0818925	0.0481238	0.0384425	0.0463673	0.0342375	0.0430729	0.0204204	0.0269606	0.0302718	0.0548779	0.0561368	0.0588603	0.0769868	0.0637903	0.0579479	0.0635986	0.0623261	0.0216907	0.0178822	0.01914	0.0130519	0.0186848	0.0117307	0.00884958	0.00876591	0.0074744	0.00841613
une	0.224618	0.171463	0.0685216	0.0473848	0.0413619	0.0385269	0.0331462	0.0383595	0.0333424	0.0261125	0.0205338	0.0190476	0.0125204	0.0155949	0.0205828	0.00952249	0.00948989	0.00545457	0.0150713	0.0168559	0.0110456	0.00726417	0.0149998	0.0136667	0.0174019	0.0135875	0.0545243
région	0.032407	0.0600518	0.0765602	0.0924732	0.0603109	0.0290716	0.0167684	0.0119626	0.023764	0.015614	0.00573955	0.0114562	0.015444	0.0172113	0.014847	0.0278604	0.0113541	0.0131442	0.0346082	0.0291503	0.0416403	0.0392408	0.0319941	0.0369189	0.0386919	0.0679522	0.143763
brûlée	0.0532784	0.0634602	0.0465254	0.043874	0.043756	0.0433865	0.0438523	0.0257096	0.0507733	0.0307361	0.0182003	0.0378864	0.0266694	0.0160148	0.0291524	0.0262526	0.0339183	0.0216975	0.0270324	0.0110451	0.0231736	0.015203	0.0129266	0.0160315	0.0214115	0.0371702	0.180863
par	0.0961917	0.0459567	0.0343063	0.0383358	0.0350649	0.0301351	0.0210463	0.020364	0.0206233	0.0195685	0.0149191	0.0141741	0.0143766	0.0139525	0.0183248	0.0133734	0.016756	0.0278056	0.0389919	0.0141993	0.0301447	0.0513914	0.0526427	0.0525115	0.056059	0.0565182	0.152266
le	0.0847271	0.0427802	0.0384592	0.0383232	0.0413219	0.0501589	0.0478082	0.0437366	0.0341991	0.0296384	0.0200028	0.0225497	0.0195726	0.012175	0.0255238	0.0247608	0.0172102	0.0214949	0.0292742	0.0231766	0.0220783	0.0394245	0.025835	0.0302265	0.0379814	0.0455922	0.131969
soleil	0.047372	0.0535803	0.0561573	0.058221	0.0389791	0.0216633	0.0120781	0.0081871	0.0139463	0.00813751	0.00825289	0.00871003	0.0054713	0.00375922	0.00717724	0.00280845	0.00337991	0.00264638	0.00689072	0.00319821	0.0134251	0.0476456	0.0509779	0.108792	0.0532095	0.112747	0.242587
</S>	0.114777	0.0758438	0.0375022	0.0196113	0.0147467	0.0171945	0.019168	0.014333	0.0253597	0.0147121	0.0139612	0.0260419	0.0203697	0.0174605	0.0385322	0.00834149	0.0245483	0.0153002	0.0405275	0.0138557	0.0313828	0.0561799	0.0432942	0.0469401	0.0515338	0.0488379	0.149644
