 	l	e	b	a	m	b	á	m	b	o	n	d	z	i	b	á	a	d	z	á	á	m	á	b	v	i	á	l	a	á	a	m	b	á	n	g	é	</S>
pendant	0.0187171	0.00978589	0.0103054	0.0152825	0.0194854	0.0311387	0.0422638	0.0461872	0.0377472	0.0431015	0.0523547	0.0697687	0.0730648	0.0895989	0.0643396	0.0538936	0.0214135	0.0186142	0.0146567	0.011518	0.0142928	0.0141132	0.0138749	0.0143297	0.0174142	0.0135729	0.0117389	0.0135536	0.0127376	0.0109888	0.0130951	0.01179	0.00985533	0.0118838	0.0137913	0.0209605	0.0224084	0.0163615
la	0.0213948	0.0148485	0.0136616	0.015589	0.0174301	0.0347931	0.0374326	0.0347221	0.0405052	0.0173569	0.027687	0.0630442	0.116535	0.0747129	0.0921679	0.0530684	0.026685	0.0136028	0.00708783	0.0162813	0.0148039	0.0146402	0.0228116	0.021456	0.00893607	0.0145228	0.0280029	0.0196844	0.0156621	0.0138426	0.0129963	0.0114373	0.0106169	0.0164077	0.00920058	0.00755027	0.00588233	0.0129401
saison	0.019751	0.0190942	0.0202617	0.0260237	0.0265431	0.0224854	0.0212515	0.022569	0.0207389	0.0186676	0.0120939	0.0141533	0.0182397	0.0206763	0.0216416	0.0273759	0.0337608	0.0426775	0.0425397	0.0413145	0.0375936	0.0357508	0.0469096	0.0292545	0.0416162	0.0294139	0.0273949	0.0259167	0.0153832	0.0141442	0.0403595	0.0305598	0.0317721	0.0240954	0.0292661	0.0177497	0.0125967	0.0183641
de	0.0169054	0.0130206	0.0207216	0.0206803	0.0217083	0.0199756	0.0223212	0.024078	0.028772	0.0242282	0.0288828	0.0319255	0.0444438	0.0414933	0.0409929	0.045191	0.0442543	0.0447369	0.0406655	0.0252175	0.0242121	0.0263836	0.0241999	0.0199242	0.0259678	0.0153371	0.0157839	0.016654	0.014678	0.0170559	0.0235018	0.0171083	0.0245432	0.0239711	0.0191953	0.0222439	0.0266517	0.0423735
grandes	0.0314606	0.0282756	0.0292713	0.0303094	0.0326216	0.0310757	0.0271671	0.0274962	0.0246079	0.0253915	0.0218274	0.0351654	0.0341888	0.0270851	0.0266356	0.0292435	0.0177273	0.0134416	0.0172141	0.0226086	0.0195159	0.0201117	0.0178135	0.0180113	0.0128993	0.0105135	0.014272	0.0155488	0.0156406	0.0146193	0.0144616	0.0167523	0.0192778	0.034575	0.0405578	0.0522576	0.0410984	0.0892593
pluies	0.0108163	0.010311	0.0101143	0.0137616	0.0174955	0.0187603	0.0199243	0.0226738	0.0295554	0.0241905	0.0170991	0.0178009	0.0180679	0.0186725	0.0224568	0.0216974	0.0247939	0.031041	0.0301873	0.0281511	0.0347899	0.0247233	0.0222102	0.0263496	0.0247106	0.0197003	0.022363	0.0236984	0.0265327	0.0302112	0.029541	0.0345026	0.031765	0.0364119	0.0323375	0.0408393	0.042441	0.0893017
les	0.0201487	0.0202918	0.0176272	0.0196711	0.0208041	0.0208421	0.0195811	0.0139842	0.0157772	0.0116281	0.00901304	0.00919561	0.0106452	0.0135011	0.0139347	0.0141325	0.0171023	0.0300459	0.0312982	0.037772	0.0352885	0.0347117	0.0306176	0.032107	0.0284733	0.0218317	0.0266425	0.0273065	0.0300763	0.0294038	0.0248302	0.0292291	0.0266334	0.0419785	0.0402655	0.0515472	0.0520807	0.0699807
populations	0.0238353	0.0257337	0.0179591	0.0185793	0.0157978	0.0123841	0.0107899	0.0112881	0.0120969	0.0143755	0.017105	0.0202601	0.0225236	0.0206836	0.0255234	0.0320569	0.0304722	0.0273931	0.0257197	0.0241812	0.0234834	0.0213258	0.0332816	0.0298072	0.0260857	0.033532	0.029493	0.0359378	0.0273707	0.018984	0.0235985	0.0326731	0.0218495	0.0398341	0.0387159	0.0391811	0.0446092	0.0714791
de	0.0200959	0.0166435	0.0115782	0.0136866	0.0151629	0.0123709	0.0102703	0.00880479	0.0111474	0.0106265	0.00765283	0.0101958	0.0150203	0.0197882	0.0218655	0.0251894	0.0289824	0.0416246	0.0422954	0.0376599	0.0422186	0.0363879	0.0335758	0.0327526	0.0271907	0.0249103	0.0219167	0.0232424	0.0248481	0.0255609	0.0259309	0.0356268	0.0307675	0.0399393	0.0386946	0.0457397	0.0471298	0.0629057
boundji	0.036653	0.0293362	0.0202824	0.0228261	0.0266944	0.0163006	0.00985006	0.00675835	0.00759896	0.0103062	0.00851067	0.00903835	0.0111729	0.0122331	0.0153418	0.015891	0.0161683	0.0135664	0.0168732	0.0223581	0.0321123	0.0350745	0.0384631	0.0336929	0.0203088	0.0273694	0.0310181	0.0310185	0.0334687	0.0297534	0.0293992	0.0293768	0.0352289	0.0383111	0.0482532	0.0538446	0.0563915	0.0691547
se	0.0328637	0.0198792	0.0140878	0.0127089	0.0114331	0.00644362	0.00356841	0.0030181	0.0029739	0.00469518	0.00472288	0.00451624	0.0057871	0.00699063	0.00864714	0.0128374	0.0154641	0.0187969	0.0231694	0.0270896	0.0386351	0.0524514	0.0570544	0.0527815	0.0407023	0.0487914	0.0383619	0.0372288	0.0356313	0.0343049	0.0332219	0.0330082	0.034785	0.0397209	0.0421476	0.0435088	0.0510876	0.0468835
nourrissent	0.0701758	0.036695	0.0302612	0.0248378	0.0204669	0.0100083	0.00616255	0.00403843	0.00400056	0.00720255	0.00765774	0.00746367	0.0108547	0.0101522	0.0152028	0.0159132	0.0149357	0.012048	0.0117213	0.011468	0.0156028	0.0163165	0.025143	0.02238	0.0190968	0.0242622	0.028135	0.0287562	0.0349747	0.0415799	0.0382924	0.0386385	0.0323012	0.029831	0.0412401	0.0749201	0.0644674	0.0927957
d'	0.0673416	0.0244601	0.0295462	0.0270696	0.0265423	0.0214299	0.0206645	0.0129353	0.0148325	0.0114526	0.0111755	0.009324	0.0087125	0.00891525	0.00909867	0.00991219	0.0115558	0.0173429	0.0260942	0.0303518	0.0373394	0.0371538	0.0365204	0.0316106	0.024186	0.0273763	0.0263807	0.0289762	0.0307062	0.0270818	0.0248615	0.0307984	0.0253895	0.0292844	0.0302952	0.0379287	0.0434422	0.0719111
oseille	0.0678337	0.0388034	0.0391533	0.0338008	0.0277541	0.0156253	0.0125932	0.00973971	0.00809254	0.00736595	0.00636226	0.00632145	0.00779657	0.0082803	0.0120882	0.0140895	0.0144966	0.00896134	0.0110926	0.0126193	0.0177202	0.0195701	0.0266627	0.0220747	0.0131654	0.0207611	0.0267838	0.0287155	0.0309689	0.0380849	0.0381463	0.0345223	0.0427812	0.0376121	0.0476037	0.056914	0.0548047	0.0802383
et	0.0349979	0.0176732	0.0157034	0.0138839	0.013116	0.00757452	0.00480485	0.00303373	0.00294373	0.00296659	0.00311217	0.00371968	0.00391545	0.00382549	0.00613883	0.00841876	0.01017	0.0116691	0.0132793	0.017039	0.025297	0.028444	0.0363032	0.030138	0.0205865	0.0250948	0.036395	0.0342353	0.0402686	0.0520411	0.0444619	0.0439417	0.036443	0.031186	0.044063	0.0785738	0.0717487	0.122793
de	0.0504172	0.0365262	0.0231271	0.0206964	0.018753	0.0123823	0.00829917	0.00418863	0.00467157	0.00388132	0.00360744	0.00408617	0.0042371	0.00418902	0.0064533	0.00817346	0.009075	0.00961011	0.0159891	0.0189202	0.0203907	0.0237182	0.0264842	0.0211464	0.0157157	0.0184616	0.0256983	0.0261202	0.0321168	0.0413249	0.030367	0.0295028	0.032473	0.0272998	0.0435264	0.0793387	0.0974912	0.14154
mangues	0.039373	0.0317174	0.0195622	0.0159975	0.0135759	0.00904318	0.00593372	0.00335358	0.00392737	0.00467468	0.0050801	0.0052037	0.00476629	0.00400762	0.0066129	0.00890598	0.0092644	0.00917341	0.0131539	0.0175212	0.0205167	0.0233711	0.0282881	0.0220698	0.015448	0.0168314	0.027167	0.0262187	0.0292224	0.0404088	0.0364729	0.0343599	0.0359081	0.0301977	0.0450037	0.0873335	0.110249	0.140085
</S>	0.0320846	0.0254464	0.0177329	0.0132905	0.0104422	0.00585598	0.0040259	0.00253663	0.00252514	0.00265402	0.00277554	0.00360525	0.00328844	0.0030096	0.00552888	0.00823274	0.00849283	0.00917636	0.010244	0.0144737	0.0186518	0.0209686	0.0292947	0.0243219	0.0174798	0.0192028	0.0323115	0.0323718	0.0402282	0.0549216	0.0424451	0.0397674	0.0379491	0.0314722	0.0444243	0.0868708	0.113318	0.128579
