 	b	a	r	e	a	m	w	ε	á	d	í	l	a	p	ó	s	á	o	b	έ	r	έ	l	e	b	ε	s	ε	</S>
les	0.0821419	0.0508947	0.012733	0.0125379	0.0205463	0.0101731	0.0101671	0.00767982	0.017708	0.0180132	0.0603469	0.0483404	0.0720001	0.106498	0.0710075	0.0546905	0.0704925	0.0389108	0.0433594	0.0336539	0.0301238	0.030039	0.0262996	0.0200218	0.0103573	0.0107529	0.00825967	0.00923101	0.0130201
personnes	0.092528	0.0800131	0.144852	0.188614	0.153213	0.10286	0.0435824	0.0228348	0.0234841	0.0148223	0.0175858	0.0141047	0.00982435	0.011157	0.0102654	0.00991804	0.0130317	0.00407768	0.00458509	0.00194843	0.0072067	0.0027394	0.00625019	0.00624675	0.0046279	0.00424925	0.00176087	0.00157822	0.00203865
âgées	0.0523043	0.0500265	0.0549415	0.0285587	0.0300743	0.0465834	0.0740628	0.0530508	0.118206	0.0659381	0.0492424	0.0321576	0.0390087	0.0249314	0.0292015	0.0410636	0.0341869	0.0373252	0.0179237	0.015349	0.0155752	0.0144065	0.0159506	0.0130957	0.0113818	0.00913831	0.00832793	0.00844718	0.00954073
aiment	0.0163944	0.0157723	0.0161569	0.0154517	0.0220331	0.0293514	0.034501	0.0470807	0.0494748	0.0792151	0.0606741	0.0615634	0.0628125	0.0498383	0.0278053	0.0305736	0.0274604	0.0275527	0.0212813	0.0232112	0.0138831	0.0185453	0.0128929	0.0149583	0.0172637	0.0298062	0.0549177	0.0527683	0.0667602
jouer	0.0225495	0.0224088	0.0216229	0.0207091	0.0204163	0.0206614	0.0192868	0.0278161	0.0263423	0.0344273	0.0289231	0.0241912	0.0285098	0.0197137	0.0222764	0.0280314	0.037366	0.0418985	0.0514232	0.037654	0.04355	0.0409174	0.0399421	0.0381395	0.0489804	0.0429249	0.0518311	0.064621	0.072866
au	0.0226818	0.0193624	0.0173195	0.0163798	0.0173963	0.0240589	0.0277396	0.0360913	0.0354208	0.0450591	0.0546291	0.0396929	0.0537577	0.0365933	0.0260295	0.0268651	0.0260989	0.0341525	0.0386227	0.0257721	0.0301286	0.0267996	0.0284364	0.0290907	0.0435108	0.0359295	0.0462604	0.0559021	0.0802186
poker	0.0247173	0.0184553	0.0227767	0.0170803	0.018533	0.0326039	0.0366679	0.0495566	0.0396447	0.022745	0.0131896	0.0216669	0.0233555	0.0272515	0.0258963	0.0322282	0.0343771	0.0340473	0.0379842	0.0250673	0.0404832	0.0269649	0.033641	0.0329632	0.0329329	0.0366335	0.0392519	0.0628856	0.136399
traditionnel	0.0132171	0.011665	0.0136456	0.0106626	0.0145657	0.0187918	0.0205311	0.0299552	0.0253168	0.0192076	0.0113968	0.019941	0.021056	0.024378	0.0220196	0.0229811	0.0155072	0.0431214	0.0415845	0.0419733	0.0510101	0.0351354	0.0368563	0.0511534	0.0417847	0.0616064	0.0727663	0.0846514	0.123518
</S>	0.0817409	0.0479562	0.0582674	0.0516557	0.0438402	0.0432798	0.0334083	0.0237843	0.0271625	0.0178873	0.0130336	0.0113088	0.0143865	0.018339	0.023372	0.0178026	0.0100894	0.0201918	0.0311256	0.0207087	0.0305461	0.0203884	0.0235738	0.0377063	0.0308105	0.0620812	0.0534715	0.073856	0.0582255
