 	o	y	ú	r	u	w	ó	a	d	í	m	b	a	n	d	a	y	a	n	g	ó	o	y	a	b	í	s	í	</S>
cette	0.00935686	0.0146481	0.0135382	0.0108797	0.00902752	0.00810743	0.00680002	0.00936061	0.00963816	0.00872901	0.010228	0.0175455	0.0368412	0.0325263	0.0527391	0.0676025	0.0585106	0.0799335	0.0733262	0.0709962	0.054796	0.0415857	0.0286656	0.0272266	0.0337953	0.0463134	0.0625404	0.0609206	0.0438217
femme	0.0421022	0.159717	0.167606	0.0603883	0.0629298	0.0493281	0.0867668	0.129203	0.080488	0.0546183	0.0348988	0.0201983	0.00964938	0.00964518	0.00604712	0.00423745	0.00351709	0.00407258	0.00209511	0.00159367	0.00245185	0.00171873	0.00162964	0.00171712	0.000973204	0.00114933	0.000621041	0.000411296	0.000225571
est	0.0348902	0.0356954	0.0273203	0.0335276	0.0224274	0.0121163	0.0255479	0.0181405	0.0310028	0.0587231	0.0442157	0.10374	0.101303	0.0728764	0.0605361	0.0375973	0.0401827	0.0511622	0.0349553	0.0140735	0.032008	0.0191558	0.0144548	0.0204169	0.00944114	0.0107533	0.0104133	0.0140347	0.009288
la	0.0131365	0.026169	0.0340952	0.043297	0.0422518	0.0193779	0.0341308	0.0515924	0.047671	0.0776279	0.0590436	0.029475	0.038904	0.0453749	0.0446593	0.045415	0.0364189	0.0315606	0.0275377	0.0217284	0.0328511	0.0234345	0.0271034	0.0223362	0.0134623	0.0217173	0.0211663	0.0345129	0.0339495
co-épouse	0.0164575	0.0296603	0.0372818	0.072263	0.0493491	0.0435799	0.0410363	0.0385933	0.0293084	0.0277299	0.0240331	0.019514	0.0260234	0.0353952	0.0372955	0.0395218	0.039362	0.0372079	0.0463188	0.040667	0.0434742	0.0378755	0.0337133	0.0296644	0.0231304	0.0279086	0.0196982	0.0251799	0.0287572
de	0.128223	0.0767168	0.042974	0.0510819	0.0369514	0.0251215	0.0341269	0.0206561	0.0108785	0.0195988	0.0114484	0.00987943	0.00746657	0.012635	0.0137659	0.0152567	0.0125319	0.00657048	0.0103709	0.0133345	0.018542	0.0172957	0.0432639	0.0254977	0.0387278	0.0383397	0.0579891	0.073464	0.127292
notre	0.027878	0.0245571	0.0221738	0.0228584	0.0171638	0.0127663	0.014766	0.0138992	0.0204827	0.0178091	0.0196693	0.0187789	0.016404	0.0197615	0.0284521	0.033276	0.0357755	0.0306416	0.0435398	0.0459503	0.0499656	0.0503649	0.0742619	0.0719946	0.0677826	0.0560429	0.0575194	0.0487543	0.0367104
mère	0.0648312	0.0414931	0.0324231	0.0306346	0.022449	0.0217125	0.019745	0.0168122	0.014756	0.017332	0.0152954	0.0151223	0.0269409	0.0429982	0.0425979	0.0359368	0.0207129	0.0243546	0.020074	0.0258817	0.0184889	0.024137	0.0389932	0.0304145	0.0717956	0.0471999	0.0625654	0.0484602	0.105842
</S>	0.102025	0.0944834	0.0794417	0.0696444	0.020581	0.00799637	0.0103324	0.00568783	0.00361349	0.00299301	0.00278523	0.00559832	0.00680532	0.0114864	0.0155371	0.0180649	0.0134852	0.011685	0.0220128	0.026259	0.0176589	0.0356654	0.0596961	0.0605097	0.0695031	0.0508649	0.0498697	0.0290175	0.0966964
