 	a	d	í	o	y	ú	l	u	o	p	f	u	a	m	á	m	b	v	a	m	b	v	a	</S>
c'	0.387484	0.275366	0.0798908	0.0146711	0.0158045	0.0199164	0.0143705	0.0190637	0.0168773	0.0202375	0.0172143	0.0105988	0.00770636	0.00651259	0.00598963	0.00556472	0.00699836	0.00990593	0.00868864	0.00846692	0.00886261	0.0110744	0.0161479	0.0125877
est	0.0633965	0.053781	0.0226239	0.0264225	0.0433395	0.0446026	0.0611179	0.053563	0.0588348	0.0330927	0.0493037	0.0394875	0.0378508	0.0740125	0.0673151	0.0634468	0.0700331	0.0233288	0.0237	0.0162447	0.0246339	0.01596	0.0177724	0.016136
une	0.114359	0.124144	0.161815	0.0750096	0.0942184	0.083637	0.0814653	0.0614104	0.0464224	0.0393524	0.0135394	0.011243	0.00840209	0.00646974	0.00614889	0.00586955	0.00433198	0.00253549	0.00341527	0.00474239	0.00681523	0.00683574	0.00749295	0.0303253
femme	0.00488092	0.0105125	0.0571747	0.0944181	0.0919463	0.152489	0.0320905	0.0302602	0.0341343	0.0228518	0.02387	0.0242118	0.0133322	0.0209707	0.0763495	0.0298699	0.144546	0.0270642	0.0247209	0.0139623	0.0158313	0.0104062	0.013445	0.0306624
d'	0.0152307	0.00853896	0.0061525	0.0142817	0.0306269	0.0300273	0.0310918	0.0387496	0.030262	0.030484	0.0314999	0.0265633	0.0215265	0.0299505	0.0392368	0.0650693	0.0827582	0.0595805	0.0526416	0.0353412	0.0453632	0.0517663	0.0785532	0.144704
une	0.00898961	0.00930315	0.00915918	0.0171927	0.0295328	0.0312509	0.0335825	0.0340641	0.0309001	0.036162	0.0508839	0.0464498	0.0333747	0.0550406	0.0468762	0.0537632	0.0667301	0.0652761	0.0639566	0.0602199	0.0535106	0.0432822	0.0423332	0.0781661
grande	0.0181178	0.0147119	0.0129189	0.0302731	0.0490153	0.0447044	0.0588083	0.055737	0.0458753	0.0411622	0.0402036	0.0328118	0.0166637	0.0530175	0.0536538	0.052282	0.0559093	0.0451008	0.0478985	0.0461537	0.0406046	0.0297524	0.0357953	0.0788287
beauté	0.0611045	0.0656004	0.042243	0.0463995	0.0671581	0.068557	0.0951736	0.0837181	0.0591549	0.0572299	0.0380864	0.0291277	0.0264514	0.0515387	0.0453852	0.0315232	0.0177678	0.0123408	0.0127922	0.0145447	0.0133498	0.0121925	0.012141	0.0364196
</S>	0.0830112	0.0805509	0.056636	0.0446029	0.060039	0.040499	0.0491991	0.0368337	0.0298964	0.0228121	0.0271134	0.0195606	0.0150396	0.0240639	0.0231842	0.0263786	0.0263794	0.0152263	0.0154209	0.0213925	0.0248618	0.0329737	0.0463419	0.177983
