 	n	g	á	a	t	ú	e	á	b	h	i	l	a	l	e	b	h	í	n	y	á	</S>
il	0.0725593	0.0888085	0.144597	0.0892286	0.0865822	0.0637978	0.0445585	0.0516234	0.0196784	0.0244325	0.0219758	0.0209914	0.0182914	0.035299	0.0273157	0.0310872	0.0415587	0.0286322	0.0308213	0.0225888	0.0208131	0.014759
y	0.109403	0.0287857	0.0188723	0.0209893	0.0334383	0.0420058	0.0451143	0.059988	0.087974	0.0489933	0.152477	0.0170037	0.114472	0.0240122	0.0420926	0.0382813	0.0299268	0.017133	0.0143414	0.0174354	0.0120565	0.0252053
a	0.0655413	0.0261587	0.0231544	0.028578	0.104762	0.0280525	0.0270839	0.0311337	0.037477	0.0435483	0.0530859	0.0596092	0.0579905	0.0859399	0.074693	0.0665655	0.0445447	0.0360703	0.0261087	0.0236499	0.0326286	0.0236238
du	0.0265327	0.0125874	0.0119417	0.0147453	0.0257663	0.0252074	0.0285698	0.0298923	0.0358504	0.041036	0.0477281	0.0431037	0.0460048	0.061689	0.0614018	0.0689471	0.0686982	0.0653573	0.0543409	0.0591164	0.0812111	0.0902725
pus	0.0279338	0.0158583	0.0183198	0.0174936	0.0229759	0.0326406	0.0419406	0.0404745	0.0339886	0.0440531	0.0685582	0.0669196	0.0601114	0.0942863	0.0739195	0.0612636	0.0500342	0.0427215	0.0362678	0.0396611	0.0448894	0.0656889
dans	0.037331	0.016965	0.0144254	0.0112299	0.0187778	0.0178456	0.0241943	0.0244605	0.0679286	0.0633633	0.0531952	0.0314191	0.0387989	0.0410725	0.0349737	0.0377305	0.0504809	0.0447729	0.0424751	0.0595985	0.0820241	0.186937
mes	0.037098	0.0219637	0.0228589	0.0206764	0.0323819	0.0296996	0.0371485	0.0345633	0.0378676	0.0400605	0.0368021	0.0298068	0.027783	0.0328865	0.0370205	0.0491898	0.0703378	0.0716768	0.0761473	0.0800192	0.0808682	0.0931437
oreilles	0.0255566	0.023624	0.0288152	0.0239551	0.0251482	0.0234719	0.0234989	0.0232743	0.0225898	0.0249404	0.0234315	0.0206871	0.0247921	0.034078	0.0543646	0.0702572	0.0828328	0.0838924	0.0855376	0.0890841	0.0912946	0.0948737
</S>	0.046331	0.0559338	0.0873456	0.0620634	0.0313857	0.0190628	0.0182276	0.0163959	0.0148513	0.0181035	0.0151049	0.0136135	0.0113582	0.0159996	0.0290233	0.0435938	0.0627635	0.0730719	0.0830686	0.0973929	0.0930911	0.0922182
