 	a	b	a	a	b	á	a	k	y	ε	r	έ	k	ó	n	y	i	s	á	k	ώ	</S>
les	0.0734047	0.0695159	0.0453421	0.0743097	0.0661585	0.0732349	0.079867	0.0494927	0.0535899	0.0508374	0.0486155	0.044606	0.0393735	0.0343406	0.0372449	0.0354096	0.0210478	0.0243602	0.024222	0.0199136	0.0218456	0.0132677
hommes	0.0420025	0.0487635	0.0981969	0.141326	0.140203	0.211923	0.17227	0.0460918	0.0344804	0.0136591	0.0139312	0.00576753	0.00492643	0.00364096	0.00398565	0.00471636	0.00241479	0.00325765	0.00361444	0.00123676	0.00163793	0.00195444
coupent	0.0291248	0.0378733	0.0432436	0.0340077	0.0258221	0.0345461	0.0342608	0.0612894	0.0758299	0.0726585	0.0772311	0.0821846	0.105717	0.0568561	0.0548187	0.0480616	0.0255229	0.018962	0.0200671	0.0221325	0.0168019	0.0229886
du	0.0328204	0.0339115	0.0309125	0.0255665	0.0233754	0.0208426	0.0248307	0.0419089	0.0485322	0.040851	0.029755	0.0241798	0.0185668	0.0210006	0.0291255	0.0418137	0.0612039	0.0652203	0.0575318	0.122327	0.0995835	0.10614
bois	0.02572	0.0306249	0.024533	0.0285309	0.0323428	0.0491599	0.0630664	0.087965	0.0758489	0.0656503	0.0407169	0.0290413	0.0273416	0.028837	0.0405865	0.0482969	0.0451759	0.0467983	0.0450878	0.0642669	0.0412353	0.0591738
dans	0.0237125	0.0168601	0.0175382	0.0139407	0.0138741	0.0190756	0.0249364	0.0293936	0.0247183	0.0226273	0.0210584	0.0296912	0.0462705	0.044378	0.0438072	0.0494614	0.0478203	0.0904704	0.0720146	0.0895437	0.116963	0.141845
la	0.0308217	0.0217742	0.023133	0.0214227	0.0212694	0.0294792	0.0356501	0.031036	0.03871	0.0370995	0.0236331	0.0234257	0.0305566	0.044827	0.0552826	0.0658657	0.0763465	0.0702935	0.0644238	0.0768667	0.0789202	0.0991627
forêt	0.061682	0.0487822	0.0503743	0.0460018	0.0537557	0.0616193	0.0475731	0.0227705	0.0222873	0.0241841	0.0181824	0.0225535	0.0400452	0.0680704	0.0468197	0.0436311	0.0583466	0.0384668	0.0423293	0.0407389	0.0311921	0.110594
</S>	0.099024	0.0731133	0.0623387	0.049559	0.0424266	0.0298746	0.0264758	0.00977969	0.00801199	0.0104394	0.0105924	0.0150099	0.0244399	0.0353184	0.0348005	0.031833	0.0459958	0.0284781	0.0613226	0.107	0.0645892	0.129577
