 	o	k	w	ω	ω	m	á	n	g	á	á	k	u	n	d	á	ó	n	g	w	ώ	ω	n	i	</S>
mon	0.0111404	0.0203567	0.0213807	0.0266327	0.0132593	0.0126245	0.026253	0.0214033	0.032061	0.0618974	0.0505415	0.0341061	0.0472911	0.0844102	0.0746791	0.072228	0.07105	0.0524837	0.0508732	0.0450574	0.046139	0.0568046	0.0253256	0.0185695	0.0234322
cordon	0.0210114	0.0712453	0.0350557	0.175734	0.121819	0.0769543	0.0577267	0.0183161	0.0325432	0.0372004	0.0271346	0.0257685	0.017352	0.0151011	0.0187665	0.0188969	0.0295457	0.0299336	0.0379797	0.0460282	0.0464673	0.0272424	0.00788424	0.00243006	0.00186341
ombilical	0.0465555	0.0372557	0.0375412	0.0451034	0.0461335	0.0616736	0.0841456	0.0782266	0.0583291	0.0374745	0.0301116	0.0196967	0.0246055	0.0333982	0.0343458	0.0564539	0.0607945	0.0464568	0.0344954	0.0265263	0.0259711	0.0284166	0.0215336	0.0098691	0.0148858
a	0.0244091	0.0379862	0.0537485	0.0797014	0.0976979	0.137142	0.22352	0.0871856	0.0356812	0.0300239	0.0144239	0.0123442	0.0180284	0.0162653	0.0146516	0.018147	0.0123807	0.00756302	0.00715481	0.0130772	0.00818898	0.00530965	0.0077556	0.00774052	0.0298727
été	0.0641418	0.0552392	0.0519921	0.0748947	0.0829258	0.0871647	0.0852945	0.0501291	0.0478027	0.0424149	0.02352	0.0404681	0.036313	0.0296138	0.0185835	0.0171448	0.00722277	0.00485529	0.00868976	0.0109015	0.00688914	0.0215372	0.0207735	0.0276952	0.0837928
enterre	0.0467471	0.0669882	0.0350067	0.127888	0.108008	0.0491994	0.042339	0.0256309	0.0322331	0.021098	0.0171746	0.0170765	0.0215244	0.0117482	0.00835229	0.00993361	0.011194	0.0118042	0.0202052	0.0294903	0.0400109	0.0851423	0.0650676	0.0320878	0.0640501
à	0.0902873	0.0707631	0.0352248	0.0655666	0.0419893	0.0253487	0.0163979	0.0177893	0.0214792	0.0184935	0.0195438	0.0211531	0.02806	0.0184464	0.0146222	0.0142928	0.0126183	0.0106481	0.0152408	0.0180304	0.0389409	0.116117	0.0817978	0.0777399	0.109409
ngwooni	0.0973743	0.0701808	0.0191416	0.0356989	0.0319616	0.0222063	0.016092	0.0126539	0.0179569	0.0130818	0.0079782	0.0126574	0.0135747	0.0110336	0.00937122	0.00878666	0.00830503	0.00891776	0.0313809	0.0402966	0.040428	0.130421	0.116672	0.107654	0.116175
</S>	0.080957	0.0486285	0.0398356	0.0282642	0.0242298	0.0330543	0.0248948	0.0248678	0.0297754	0.0208075	0.0153906	0.0122798	0.0186169	0.0175638	0.0148699	0.0162654	0.0104864	0.01264	0.0231814	0.0189136	0.0224164	0.0889182	0.0926167	0.131359	0.149167
