 	a	m	b	a	m	b	a	á	d	i	s	á	d	z	ω	ω	</S>
il	0.0629746	0.0746684	0.0764239	0.0564892	0.0585201	0.151991	0.0964264	0.0620629	0.0410389	0.0504829	0.0214931	0.0369354	0.0467717	0.0320791	0.0432412	0.0249475	0.0634539
y	0.0855569	0.11312	0.176332	0.183053	0.132105	0.0460909	0.0589595	0.0346513	0.0327367	0.03789	0.0138779	0.0130025	0.0203415	0.0177734	0.0123167	0.0136826	0.00850911
a	0.124155	0.124406	0.0559887	0.0440109	0.0477214	0.0541887	0.0738141	0.0376302	0.0430656	0.0361836	0.0187494	0.0444447	0.0562432	0.064437	0.060141	0.0574513	0.0573686
des	0.0508714	0.0519736	0.044758	0.0448381	0.056133	0.0207999	0.0212977	0.0257714	0.0220774	0.0260254	0.0480426	0.11495	0.0897087	0.0844561	0.135848	0.0940185	0.0684299
grenouilles	0.079348	0.0661908	0.0617367	0.0508624	0.0551656	0.063547	0.0576019	0.0477676	0.0713043	0.0419753	0.0262141	0.0515411	0.0599351	0.0602325	0.0465102	0.0536429	0.106424
dans	0.0479989	0.0420066	0.0341698	0.033684	0.0314956	0.0272956	0.0310363	0.0350043	0.0571659	0.0289794	0.010661	0.0191023	0.0496015	0.104733	0.126106	0.150284	0.170676
le	0.0823247	0.0629335	0.0558466	0.0737555	0.0641773	0.0297798	0.0254151	0.0236541	0.0197067	0.0177877	0.0124532	0.0110962	0.0391657	0.0642789	0.11138	0.138705	0.16754
marécage	0.0572329	0.0497619	0.0530413	0.0708609	0.0693686	0.0306844	0.0242253	0.020595	0.0242381	0.0153186	0.0199248	0.0178152	0.0403355	0.0589461	0.10852	0.141008	0.198124
</S>	0.0442442	0.0418567	0.0479883	0.0549222	0.0546728	0.0395073	0.0331294	0.0199691	0.0203754	0.0179109	0.015609	0.0227263	0.0633475	0.136632	0.115229	0.111233	0.160646
