 	w	a	a	d	í	o	b	h	e	r	á	o	k	ú	l	á	i	f	ú	ú	s	a	k	a	á	</S>
il	0.22607	0.459925	0.0588457	0.0391183	0.0163604	0.0125008	0.013494	0.0105754	0.0132713	0.00710027	0.0111256	0.0148192	0.0109383	0.0127604	0.00988673	0.00562019	0.0055997	0.00879659	0.00632499	0.00856777	0.0108617	0.00996072	0.00861667	0.00828039	0.00659773	0.00398191
ne	0.038272	0.0219035	0.0483276	0.404628	0.216583	0.0649111	0.0807151	0.0352499	0.0153484	0.0109231	0.00910078	0.0101079	0.00488162	0.00472465	0.00360686	0.00630134	0.00406487	0.00336757	0.00352934	0.00288456	0.00138802	0.00137919	0.00102937	0.00126103	0.00216909	0.00334261
peut	0.0260945	0.0362111	0.0411932	0.0699087	0.0911369	0.0831395	0.0792592	0.0539803	0.0638092	0.0538741	0.0435798	0.0394509	0.02386	0.0226043	0.0349324	0.0167781	0.0163475	0.0213635	0.014652	0.0205203	0.0207759	0.0198512	0.0209917	0.0286107	0.0215246	0.0355503
pas	0.0493738	0.0404676	0.0367979	0.0349398	0.0293254	0.0275982	0.0169382	0.0148115	0.0121642	0.0108038	0.0138801	0.0263873	0.0256493	0.0242481	0.0334843	0.0526693	0.0990423	0.0654067	0.058621	0.0354504	0.0339832	0.0375626	0.0438404	0.0471296	0.0600686	0.0693566
s'	0.00956419	0.0104763	0.0125494	0.00864901	0.0113597	0.0172101	0.0284965	0.0322528	0.026709	0.0334244	0.0508895	0.0436475	0.0505343	0.0423115	0.064538	0.0374034	0.0399582	0.0540729	0.0492188	0.0476832	0.0631822	0.0674235	0.0575182	0.0612354	0.0416116	0.0380805
empêcher	0.025718	0.0359138	0.0356605	0.0201389	0.0213946	0.0233252	0.0297158	0.0283377	0.0228733	0.0273861	0.0285777	0.0171258	0.0398165	0.0470416	0.0643271	0.0395051	0.0379484	0.0569058	0.0341291	0.0241962	0.0312958	0.0348171	0.0301277	0.0400467	0.0533114	0.150364
de	0.0153449	0.0184733	0.0187173	0.0151709	0.027789	0.0351433	0.0553336	0.0478972	0.0340244	0.030517	0.0275162	0.018553	0.0307189	0.0409252	0.066076	0.0419155	0.0444807	0.0497387	0.0395666	0.0322232	0.037428	0.0365887	0.0352725	0.0403567	0.0544929	0.105736
bouder	0.0354038	0.028037	0.0218246	0.0209347	0.0183178	0.0147145	0.0184308	0.0203	0.0227483	0.0196782	0.0341575	0.0135244	0.0285229	0.0325706	0.0456587	0.0396925	0.0395645	0.0436904	0.0482791	0.0433281	0.0470225	0.0573772	0.0615715	0.0595349	0.0782292	0.106886
</S>	0.0192374	0.0172216	0.0121748	0.0159557	0.0215509	0.0188097	0.0233299	0.0194631	0.02255	0.0191425	0.0291244	0.0124245	0.0273224	0.0345064	0.0527461	0.033418	0.0340592	0.040184	0.0388412	0.0362301	0.048761	0.0541072	0.0541122	0.0693383	0.0887882	0.156601
