 	n	g	ó	l	ó	m	i	á	s	e	r	i	w	á	b	e	a	b	ó	k	u	l	u	</S>
l'	0.0098584	0.0133727	0.0249664	0.0273175	0.00743747	0.0119437	0.0171594	0.0193823	0.047605	0.0518108	0.0559686	0.0678282	0.0772793	0.0690326	0.0819263	0.0631457	0.0661422	0.06145	0.0572369	0.0493315	0.0292332	0.034317	0.0286985	0.0275565
oncle	0.321216	0.451504	0.0385077	0.0256013	0.0603542	0.0171879	0.0227004	0.0136696	0.00650907	0.00702084	0.00427776	0.00104078	0.000712052	0.00120735	0.00207593	0.00434912	0.00467637	0.00582421	0.00312347	0.00324365	0.00204731	0.00187441	0.000700073	0.000575859
m'	0.0178411	0.0256671	0.0233039	0.030542	0.0478829	0.0505353	0.101356	0.0528545	0.0520783	0.042914	0.0522515	0.0402703	0.0488723	0.0227287	0.0582331	0.0370963	0.0507981	0.0439699	0.0462142	0.0539638	0.0287023	0.0325188	0.0253866	0.0140186
a	0.0237223	0.0237705	0.0234646	0.0231374	0.0312192	0.0280554	0.0630501	0.072257	0.0720363	0.114313	0.130024	0.0835241	0.105899	0.0436645	0.0218635	0.0219946	0.0154328	0.00990779	0.0088526	0.00837185	0.0143221	0.00943798	0.0225864	0.0290928
promis	0.0831207	0.0329262	0.0411363	0.0568583	0.0687541	0.0509517	0.0609772	0.0562188	0.0455747	0.0594557	0.0522817	0.0410539	0.0408343	0.0272238	0.0257982	0.0257215	0.026131	0.0240597	0.0241514	0.0247502	0.0252555	0.0268694	0.0258156	0.05408
de	0.0592248	0.0184334	0.0353012	0.0516892	0.08014	0.0568854	0.0688277	0.0541557	0.0341673	0.0323267	0.0310885	0.0208323	0.0192609	0.0221197	0.0235882	0.0219717	0.0284459	0.0299174	0.0337602	0.0348271	0.0420762	0.0490652	0.0664587	0.0854367
l'	0.0390511	0.0222077	0.0295123	0.0346173	0.0384671	0.0366439	0.0426986	0.0386677	0.0370291	0.0393371	0.0451176	0.0509421	0.0531236	0.037094	0.033685	0.0342899	0.0292511	0.0362619	0.0383594	0.0384057	0.050594	0.0572771	0.0598897	0.077477
argent	0.0237967	0.0173251	0.0172015	0.0102813	0.0139664	0.0140313	0.023614	0.0277608	0.0574307	0.0674504	0.0540438	0.0597765	0.0408678	0.0194879	0.0241968	0.0183206	0.0206458	0.0368866	0.03402	0.0342228	0.0497561	0.0834603	0.0871879	0.164269
</S>	0.0231231	0.0142142	0.0196004	0.020281	0.02227	0.0249467	0.0350862	0.0311769	0.0513456	0.0543972	0.0439946	0.0535349	0.0426648	0.0412555	0.0394768	0.0248871	0.0289275	0.039067	0.0373045	0.0379722	0.0410899	0.056567	0.0776454	0.139172
