 	n	g	á	i	s	á	a	o	t	i	á	e	m	b	ώ	s	í	o	b	v	έ	k	a	á	</S>
je	0.176664	0.236133	0.21999	0.0600165	0.0353105	0.0184931	0.0207955	0.0147584	0.00720587	0.0119202	0.0135315	0.0119295	0.0182428	0.0159169	0.0149163	0.0134121	0.00851537	0.0103778	0.0125943	0.0131847	0.0145364	0.0143376	0.0134301	0.013234	0.0105536
ne	0.104019	0.0618541	0.0663908	0.0628621	0.0578485	0.081716	0.117393	0.0831907	0.0792137	0.0696462	0.0690481	0.0393962	0.0199869	0.014606	0.0126819	0.00630516	0.00624699	0.00604423	0.00319805	0.00253086	0.00310932	0.00275057	0.00509989	0.00461308	0.020248
parle	0.0928816	0.1136	0.0686732	0.0674177	0.065171	0.071903	0.0638181	0.053462	0.0400999	0.0387408	0.0299079	0.036827	0.0413959	0.0417661	0.0385504	0.0171527	0.014269	0.0124811	0.00789781	0.0121717	0.0119864	0.0127926	0.0157038	0.016669	0.0146618
pas	0.0950532	0.0430874	0.0189842	0.0452139	0.0408941	0.0357554	0.0314682	0.0282249	0.0246965	0.0260831	0.0221271	0.0520938	0.052132	0.0561949	0.0431641	0.0361578	0.0364211	0.0367847	0.0204501	0.0474179	0.0501902	0.0365261	0.0361116	0.0345426	0.050225
encore	0.014446	0.00453265	0.00444676	0.0214469	0.0302172	0.0253446	0.0244813	0.014793	0.0115603	0.0116454	0.0123824	0.0159311	0.0163612	0.0226167	0.0391487	0.0602724	0.0572898	0.0537124	0.0772166	0.0896198	0.078523	0.0863716	0.0783008	0.0722213	0.0771184
bien	0.0151101	0.00626168	0.00395737	0.0119646	0.0117044	0.0154582	0.0208482	0.0146117	0.0117567	0.0154902	0.0163292	0.0190424	0.0242317	0.0316207	0.0542079	0.0639623	0.058152	0.0440538	0.0834643	0.0910051	0.0617942	0.0826386	0.069531	0.0724809	0.100323
le	0.015188	0.0118451	0.0103588	0.0125287	0.0105516	0.0154483	0.0338205	0.0332432	0.0281306	0.0428263	0.0293178	0.0408671	0.0310917	0.0315145	0.0535383	0.0686749	0.0387215	0.0401215	0.0408094	0.0495515	0.0512892	0.0513593	0.0565722	0.0640309	0.138599
mbochi	0.00864591	0.0128103	0.0191161	0.0198498	0.0108762	0.0146148	0.0265159	0.0276665	0.0296606	0.0366199	0.0398287	0.0426683	0.0491261	0.0393527	0.0612919	0.0654995	0.0426273	0.0433774	0.0310442	0.0322067	0.0311471	0.037336	0.0489348	0.0599095	0.169274
</S>	0.0182729	0.0169258	0.0154244	0.0174808	0.0190483	0.022767	0.0225951	0.0188059	0.0123685	0.0110721	0.0112894	0.0109499	0.011828	0.0124861	0.0419918	0.0408831	0.0318807	0.0684872	0.0745131	0.0763146	0.0846255	0.0668192	0.0765997	0.0807202	0.135851
