 	m	o	r	o	w	ó	á	m	i	k	y	é	n	á	e	k	y	e	n	g	a	</S>
cet	0.0597843	0.0589448	0.0359165	0.0286457	0.0221463	0.022058	0.0239904	0.0181985	0.0218173	0.0242768	0.035292	0.0287539	0.0544052	0.0681687	0.0714916	0.0564028	0.0536559	0.0558383	0.0541977	0.0543988	0.0744664	0.0771501
homme	0.194087	0.265948	0.297296	0.135561	0.0284956	0.0331411	0.00729365	0.00894758	0.0090194	0.00786789	0.00238047	0.0023244	0.00191079	0.0010906	0.00109801	0.0013853	0.000546685	0.000668934	0.000198545	0.000167196	0.000412468	0.000159019
s'	0.0456367	0.0596075	0.0555318	0.0423575	0.0411623	0.0206229	0.022485	0.0216828	0.0124759	0.0244129	0.11321	0.108279	0.0706788	0.114187	0.103975	0.0587462	0.0322631	0.0158632	0.00933154	0.00944029	0.0116623	0.00638858
est	0.121977	0.145638	0.0794921	0.0471739	0.027819	0.0103465	0.013693	0.015189	0.0138472	0.0227897	0.0377964	0.0633248	0.0678481	0.0325907	0.0414891	0.0616654	0.0301642	0.0305083	0.0224738	0.0343675	0.0379692	0.0418376
initié	0.204935	0.147064	0.0677675	0.0369913	0.0757029	0.0360266	0.0222209	0.0234886	0.03042	0.0169439	0.011666	0.0197349	0.0173135	0.0168719	0.0221322	0.0322367	0.0335038	0.0337643	0.0349262	0.0353742	0.0362943	0.0446217
à	0.0555719	0.0503823	0.02457	0.0167447	0.0158475	0.0151296	0.0182985	0.0217567	0.037827	0.0372896	0.0460209	0.0500831	0.0409666	0.0335167	0.0300853	0.0314199	0.0358926	0.0449269	0.0604789	0.0922498	0.092345	0.148597
la	0.0357162	0.0332529	0.0364892	0.0335254	0.0448083	0.0277708	0.0276099	0.0281044	0.027032	0.0250781	0.0225982	0.026264	0.0341725	0.0339195	0.0339402	0.0445555	0.0475459	0.0683292	0.0785019	0.0779559	0.0868504	0.12598
divination	0.0160606	0.0138205	0.0150206	0.0166695	0.0166136	0.00937858	0.00598976	0.00762871	0.010127	0.014291	0.0231087	0.0423117	0.0463076	0.0360314	0.0524969	0.0943159	0.0555707	0.0749629	0.0512256	0.0549658	0.15607	0.187033
</S>	0.101351	0.114892	0.0466234	0.0472941	0.0358564	0.0101098	0.00657935	0.00739905	0.00959247	0.0102253	0.0147659	0.0199512	0.0161489	0.00656647	0.0121763	0.0135203	0.0275969	0.0359564	0.0530549	0.080907	0.104681	0.224752
