 	o	y	ú	r	u	l	á	a	b	í	n	d	á	l	a	k	y	ώ	r	ω	y	í	b	ó	r	a	</S>
la	0.00457307	0.00506602	0.00523049	0.0055166	0.00743238	0.00403454	0.00309617	0.0121351	0.0242894	0.0320266	0.0331388	0.0412937	0.0634737	0.0673785	0.0612878	0.0459002	0.0523956	0.0425126	0.0408901	0.0400882	0.0510128	0.0670153	0.0729141	0.074107	0.0591911	0.0498347	0.0341655
femme	0.148761	0.256344	0.18768	0.117902	0.0235333	0.0103674	0.00909532	0.0141343	0.0155728	0.0117544	0.0084533	0.0323804	0.0327975	0.0375584	0.0251668	0.015747	0.0103994	0.00548111	0.00500704	0.00639284	0.0053441	0.00483575	0.00478467	0.00520509	0.00299448	0.00183957	0.000467164
se	0.00989776	0.0165062	0.0165066	0.0182675	0.0351282	0.0439414	0.0704729	0.064588	0.0375982	0.0499652	0.0419123	0.0506861	0.0539614	0.0469758	0.0402461	0.0529547	0.0317254	0.0592584	0.0606636	0.0639809	0.0400224	0.0320727	0.0251204	0.0127622	0.00937329	0.01232	0.00309214
tord	0.0341928	0.0324487	0.0305035	0.0421523	0.0637035	0.0494582	0.0609945	0.0503295	0.0340389	0.0657267	0.0435148	0.0363311	0.0407048	0.0348571	0.0396284	0.0295195	0.0231371	0.0311631	0.0358288	0.0275206	0.0264746	0.0250513	0.0272109	0.0162649	0.0227092	0.0322855	0.0442498
de	0.0952549	0.0608479	0.0338599	0.0265903	0.0181776	0.0131982	0.0181552	0.0193903	0.0259923	0.0433449	0.0664555	0.0308856	0.0302702	0.0258854	0.020592	0.0178125	0.0172558	0.0217398	0.0314073	0.0325847	0.0383938	0.0377409	0.0455113	0.0496814	0.0447817	0.0518676	0.0823233
douleurs	0.0653489	0.0403225	0.031159	0.0297548	0.0324045	0.0265257	0.0380774	0.0372747	0.0313227	0.0428474	0.034537	0.022683	0.0196446	0.0157518	0.0140233	0.0119779	0.0126076	0.0169458	0.0207801	0.0209504	0.0235103	0.0260299	0.040999	0.0468229	0.0847424	0.0912886	0.121668
d'	0.0772796	0.0395802	0.0222476	0.0234738	0.0230766	0.0212955	0.0306534	0.0240832	0.0239182	0.0309261	0.0200128	0.023289	0.0313904	0.0370979	0.026629	0.0160647	0.0293093	0.0228359	0.026581	0.0301556	0.0291127	0.0232596	0.0287372	0.0346706	0.047845	0.071254	0.185221
accouchement	0.0528832	0.0402052	0.0385986	0.0383514	0.0203106	0.0155299	0.0168069	0.0175135	0.0169734	0.0205567	0.0288672	0.0147961	0.0112995	0.00971164	0.00968551	0.0118116	0.0124478	0.0161598	0.0209221	0.0206587	0.0258046	0.0318253	0.0517677	0.0689585	0.114205	0.120269	0.15308
</S>	0.111705	0.0747187	0.0651862	0.0508461	0.0351294	0.0173824	0.0188112	0.0151866	0.0101833	0.0175279	0.0198668	0.00756802	0.00836087	0.00747742	0.00979338	0.00622493	0.0138724	0.0197612	0.0285661	0.0236697	0.0437963	0.0318544	0.0407423	0.0423132	0.0607276	0.0591781	0.159551
