 	m	v	ú	l	á	w	ó	a	k	ω	á	d	í	a	n	έ	a	n	έ	</S>
cette	0.00268106	0.00312522	0.0060411	0.00966456	0.00475098	0.0042732	0.00418118	0.00568258	0.00806025	0.00600284	0.00853158	0.0168254	0.0421908	0.0459331	0.238447	0.17912	0.219428	0.129518	0.0406585	0.0248856
année	0.033044	0.0781267	0.13056	0.0971227	0.114109	0.101943	0.159917	0.0514704	0.055729	0.0222938	0.0201741	0.0301886	0.0206023	0.00706078	0.0139891	0.00630255	0.0113316	0.0155127	0.0169382	0.0135838
les	0.0512927	0.0794685	0.114466	0.180449	0.119363	0.0671597	0.052709	0.0256426	0.0196125	0.0190278	0.0238392	0.0261365	0.0366352	0.0307933	0.0391726	0.0365977	0.0345241	0.0278361	0.00980032	0.00547396
régimes	0.032313	0.059601	0.0864006	0.0956739	0.109534	0.0972994	0.0736191	0.0900202	0.0663969	0.0602037	0.102659	0.023259	0.0171296	0.0131324	0.0106695	0.0098976	0.0117617	0.0116817	0.0117257	0.0170217
de	0.103945	0.154137	0.156957	0.141828	0.084169	0.031852	0.0300801	0.0285761	0.0236677	0.0151519	0.0181443	0.00825762	0.00892926	0.0106856	0.00732678	0.00991729	0.0136345	0.0166495	0.0300019	0.10609
bananes	0.110926	0.132545	0.147453	0.104913	0.117386	0.0347921	0.0396493	0.0548486	0.040225	0.0404888	0.0426188	0.0117562	0.00972031	0.00920822	0.0107762	0.00585361	0.0148664	0.0135242	0.0216915	0.0367574
sont	0.278037	0.191532	0.143267	0.132478	0.103425	0.0734047	0.0121212	0.0144673	0.00299256	0.000719249	0.00363921	0.00244063	0.000987678	0.000882792	0.0014855	0.00077345	0.00380224	0.00369098	0.00690473	0.0229492
gros	0.145868	0.100041	0.0852864	0.0642373	0.043307	0.0284209	0.017709	0.0275144	0.0181461	0.0101742	0.0218071	0.014758	0.0124456	0.0100575	0.0129494	0.0106407	0.031169	0.044772	0.0977665	0.202929
</S>	0.579143	0.188285	0.082671	0.0415455	0.0170052	0.00904642	0.00316151	0.00382475	0.00232457	0.000828909	0.00163532	0.00155596	0.00123211	0.000588684	0.00249001	0.000832829	0.00398476	0.00346174	0.00858449	0.0477979
