 	ó	n	g	y	ε	l	έ	é	d	í	l	a	l	o	b	h	ó	d	í	l	á	n	ώ	k	a	á	</S>
en	0.0133645	0.018369	0.0232283	0.0273205	0.0227968	0.0203614	0.0231081	0.0342344	0.0349047	0.035585	0.0336463	0.0312643	0.0341482	0.0279465	0.0358965	0.0449908	0.055951	0.0864497	0.0757266	0.0553843	0.0454713	0.0425474	0.0643887	0.0424583	0.0323193	0.0221778	0.0159604
ville	0.00504839	0.00711021	0.00631846	0.0166516	0.0571168	0.0835456	0.103556	0.127154	0.139594	0.101684	0.0590282	0.0471996	0.0430689	0.0405924	0.0274274	0.0346881	0.0287096	0.0242243	0.00862069	0.0129616	0.00591983	0.0101366	0.00231576	0.00486973	0.000564715	0.000949098	0.000943733
il	0.138296	0.0686226	0.0416647	0.0261965	0.039431	0.027492	0.0319472	0.0315324	0.0306447	0.021243	0.0271868	0.0291478	0.0372184	0.0310883	0.0465619	0.0558583	0.0853086	0.0411462	0.0187537	0.0214192	0.0178579	0.0136496	0.0134955	0.0129834	0.022381	0.0341074	0.0347657
y	0.0879436	0.102861	0.156192	0.0761361	0.0601246	0.0332784	0.0221444	0.0251073	0.0211473	0.0160731	0.0186349	0.0240261	0.0306563	0.0236446	0.0276286	0.0294544	0.0381958	0.0368051	0.0371408	0.0339157	0.0105652	0.0113555	0.0088456	0.0087417	0.00476669	0.0107614	0.0438529
a	0.122559	0.131065	0.105014	0.0694941	0.0830393	0.0459146	0.0385845	0.0482577	0.0387029	0.0289883	0.0226344	0.0241665	0.0200456	0.0131779	0.0139132	0.0117355	0.0213512	0.0297969	0.0312312	0.0215744	0.00790356	0.00709405	0.00573489	0.00483266	0.0082878	0.0145693	0.0303311
un	0.0520074	0.0267209	0.018537	0.0184049	0.023496	0.0319352	0.0432933	0.0694944	0.0738201	0.0806571	0.0675969	0.0593444	0.0374777	0.0323062	0.0176917	0.0128156	0.0253669	0.056208	0.0388361	0.025944	0.020581	0.0178734	0.0143932	0.0165515	0.0178547	0.028521	0.0722714
bruit	0.0536482	0.0317874	0.0282661	0.0277707	0.0215224	0.029843	0.0338235	0.0389937	0.0272791	0.0284759	0.0219679	0.0215694	0.0150169	0.0184378	0.0156504	0.0182755	0.0194945	0.0137372	0.0189213	0.0397442	0.0246428	0.0675552	0.0172248	0.0761588	0.0462462	0.0990344	0.144913
insupportable	0.0617699	0.065246	0.046577	0.0330742	0.0288526	0.0347548	0.0428784	0.0582154	0.0591465	0.0645641	0.0629441	0.0443791	0.0291156	0.0190863	0.0113104	0.00724185	0.00541025	0.00361196	0.00629584	0.0142167	0.00838833	0.0333876	0.00861002	0.0448081	0.035275	0.0594949	0.111345
</S>	0.0994303	0.0675431	0.0445108	0.0406961	0.0397397	0.0419901	0.0304491	0.0208138	0.0115593	0.00903046	0.00821161	0.00670588	0.00543469	0.00763603	0.00600999	0.00299858	0.00238071	0.0017235	0.00333582	0.0109569	0.0105188	0.0373401	0.0280212	0.0694141	0.0773248	0.124111	0.192113
