 	n	g	á	í	b	ó	n	d	i	e	k	í	n	d	i	y	ó	t	á	</S>
j'	0.115415	0.251622	0.218243	0.102585	0.0331405	0.032136	0.0439802	0.0184932	0.0200813	0.0264612	0.0254755	0.0270628	0.0260849	0.0217352	0.0105876	0.00708513	0.00556274	0.00539941	0.00458509	0.00426441
ai	0.237675	0.130753	0.172816	0.0718315	0.0235079	0.027039	0.0176564	0.00961137	0.0194456	0.0127089	0.0211224	0.0203909	0.0119996	0.0219724	0.0234246	0.0220361	0.0178903	0.0302612	0.0399236	0.0679345
entendu	0.0500515	0.0223854	0.0213409	0.0441928	0.0457745	0.0873186	0.054015	0.0505912	0.0627423	0.0599825	0.0724924	0.067462	0.0347737	0.021297	0.037049	0.0451156	0.0539634	0.0653055	0.0593748	0.044772
l'	0.0957512	0.0623042	0.0518717	0.0445222	0.0320887	0.0293876	0.0271265	0.0233783	0.0253002	0.0261396	0.0217033	0.0257741	0.0316912	0.0418093	0.0549976	0.0632523	0.0780431	0.0805689	0.0762545	0.108036
écho	0.0247015	0.0127583	0.0141268	0.0143118	0.0238842	0.0504985	0.0836557	0.101999	0.100423	0.0938264	0.0548891	0.0584973	0.0497253	0.0306833	0.0344774	0.0311463	0.0388566	0.041807	0.053226	0.0865067
d'	0.0209303	0.0140921	0.0132447	0.0182723	0.0166196	0.0228003	0.0259383	0.0402865	0.0333482	0.0290622	0.039255	0.0282085	0.0193781	0.0206972	0.0461744	0.0650908	0.0949696	0.102453	0.145815	0.203364
un	0.0406389	0.0334255	0.0137806	0.0123012	0.0194619	0.0266749	0.0266192	0.0290806	0.0530678	0.0661757	0.0650038	0.0616966	0.0568278	0.0503868	0.0588508	0.0496113	0.0608305	0.0768465	0.0874071	0.111312
fusil	0.0365612	0.0296692	0.019418	0.0203931	0.0171432	0.0236128	0.0193365	0.0131545	0.0424976	0.0550489	0.0833158	0.0754861	0.0599266	0.0627807	0.0780425	0.0605534	0.0535833	0.0633079	0.079159	0.10701
</S>	0.0775455	0.0523386	0.0347471	0.0395221	0.0211395	0.0264584	0.0150995	0.0101723	0.0144637	0.024579	0.0427982	0.0366611	0.025828	0.0427177	0.0539005	0.0550223	0.0699094	0.104415	0.105281	0.147401
