 	d	z	w	a	á	o	k	o	b	h	á	m	á	a	s	á	n	d	é	e	</S>
va	0.0517094	0.0191632	0.0290164	0.129312	0.113914	0.0630784	0.0357795	0.0150671	0.0353319	0.0556812	0.070843	0.0275838	0.0668386	0.0876757	0.0627424	0.0415164	0.0140374	0.0187634	0.0176922	0.0158126	0.0284413
prendre	0.0534676	0.0481827	0.0291909	0.026472	0.0360565	0.0430144	0.0463071	0.0567793	0.0695978	0.0602628	0.0962581	0.0443388	0.0593683	0.0469607	0.0414404	0.0404919	0.0509141	0.0467309	0.0458233	0.0343774	0.023965
de	0.0529227	0.0783806	0.0666369	0.0278691	0.0176389	0.0306981	0.0471014	0.0464188	0.0461497	0.0345541	0.0355708	0.0359455	0.0390958	0.0714957	0.0591827	0.0508533	0.0782105	0.0627604	0.0463288	0.0416605	0.0305256
l'	0.0324072	0.037286	0.0392184	0.0325793	0.0358639	0.0543032	0.0397433	0.0378956	0.0555187	0.0437754	0.0150076	0.041499	0.0401223	0.0385738	0.0561608	0.0626368	0.060132	0.0730739	0.0614525	0.0576124	0.0851379
eau	0.0301691	0.0513417	0.0450016	0.0363385	0.0361519	0.0510919	0.0666702	0.0772548	0.0884595	0.0458177	0.0340366	0.0198394	0.0281821	0.0453022	0.0440731	0.0320545	0.0243415	0.035171	0.0378768	0.0414034	0.129422
dans	0.022682	0.0199768	0.0138347	0.0169591	0.0146486	0.0217088	0.0384137	0.043421	0.0431135	0.0204247	0.00894309	0.0195376	0.0159289	0.0284267	0.0470593	0.0709398	0.061998	0.103621	0.105104	0.0990891	0.184169
la	0.0322299	0.0277502	0.0240695	0.0205415	0.0232184	0.0290481	0.032471	0.033127	0.0328189	0.023132	0.0288447	0.0314268	0.03058	0.0334774	0.0389288	0.0513189	0.0566851	0.102381	0.114968	0.110953	0.12203
maison	0.0299062	0.0251183	0.023248	0.0214898	0.0229893	0.0248164	0.0277218	0.0273027	0.0290745	0.0236922	0.0214396	0.0257734	0.0282346	0.033239	0.050308	0.0732524	0.0819136	0.101728	0.103049	0.10395	0.121754
</S>	0.0517992	0.0400154	0.0336169	0.0242885	0.023403	0.0189157	0.0191651	0.0234978	0.0182588	0.0149803	0.0103191	0.0235667	0.0162216	0.0275877	0.0471012	0.0636474	0.0887986	0.10744	0.10954	0.116401	0.121437
