 	e	k	ω	n	í	s	í	l	í	y	á	n	ω	y	é	y	é	e	p	έ	o	k	ω	n	í	p	á	m	i	</S>
ta	0.00940921	0.0138699	0.0119809	0.0117128	0.00941288	0.00993229	0.0133265	0.0288809	0.0388194	0.0587954	0.0551369	0.0722372	0.0712984	0.0642471	0.0529471	0.0442862	0.0410568	0.0251671	0.0241822	0.0218202	0.027184	0.0368121	0.0224205	0.025706	0.0223316	0.0303754	0.0468575	0.032091	0.0427824	0.0349204
manière	0.0181096	0.015289	0.0162894	0.0205167	0.0291513	0.0222569	0.0357518	0.0392314	0.0629977	0.0398245	0.0869282	0.0894906	0.125422	0.0803612	0.0447033	0.0352147	0.00967303	0.0166651	0.013715	0.00673228	0.00757407	0.0116917	0.0149219	0.0363757	0.0232501	0.0265686	0.0308126	0.0284018	0.00742761	0.00465203
de	0.10435	0.0475296	0.0435239	0.0365332	0.0356608	0.0306706	0.0362578	0.0283588	0.0325813	0.0281532	0.0369298	0.0450795	0.0348613	0.0530161	0.0614312	0.0374953	0.0427843	0.0305057	0.0333594	0.0302207	0.0204709	0.0295595	0.0269246	0.013288	0.0154722	0.0142157	0.0111971	0.01065	0.0120197	0.0168999
garder	0.073598	0.055114	0.0626821	0.0451314	0.0164971	0.00820312	0.0128881	0.0141484	0.0230512	0.0497191	0.0401179	0.0390355	0.0359088	0.0363026	0.0422699	0.0301253	0.0366988	0.035877	0.0305488	0.0196926	0.0339949	0.040505	0.012935	0.025276	0.0191492	0.0139315	0.0272432	0.0157802	0.0303871	0.0731881
le	0.036142	0.0392654	0.0383007	0.022999	0.0355155	0.0384359	0.0436148	0.030864	0.0200389	0.0268939	0.0196852	0.0159548	0.0188937	0.0185536	0.0212661	0.0251415	0.0219628	0.0317944	0.0366553	0.0218908	0.0296667	0.0420398	0.0187866	0.0300324	0.0256646	0.0253895	0.0471718	0.0422732	0.0366662	0.138441
malade	0.0176648	0.017443	0.0285192	0.0536556	0.0294333	0.022064	0.0245997	0.026227	0.023962	0.0163224	0.0244027	0.014298	0.0136591	0.0182212	0.0193877	0.033209	0.0208356	0.0228674	0.0274677	0.0294317	0.0326588	0.0565426	0.0360881	0.0432453	0.0394876	0.037618	0.0623677	0.0577101	0.0609573	0.0896533
le	0.0582585	0.0386409	0.0394934	0.0334002	0.0329075	0.0371515	0.0378743	0.026127	0.0116114	0.0066601	0.00722988	0.00436297	0.0034918	0.00634435	0.0110367	0.0125902	0.0170101	0.0304584	0.035498	0.0420154	0.0300776	0.0344174	0.0564999	0.0361717	0.0460621	0.0391698	0.0289763	0.0414278	0.0650194	0.130015
galvanise	0.0529355	0.0622389	0.0947713	0.0972305	0.0888839	0.0731389	0.0481962	0.0373098	0.0246663	0.0141539	0.00911083	0.00366227	0.00347988	0.00241749	0.00309258	0.00505781	0.00703879	0.0175104	0.0253239	0.00674243	0.00725786	0.0103867	0.0129317	0.014633	0.0145445	0.0153139	0.022123	0.0556732	0.0425524	0.127622
</S>	0.0502353	0.0558589	0.0938038	0.0702614	0.0765931	0.0774617	0.0786695	0.0577158	0.0211084	0.00684238	0.00550736	0.00313183	0.00354818	0.00435799	0.00693045	0.00915421	0.0091628	0.0217588	0.0231017	0.0121835	0.0173564	0.0141317	0.0149434	0.0163474	0.020514	0.0197873	0.0258237	0.0357797	0.0299974	0.117932
