 	b	a	r	e	b	á	p	o	o	b	á	a	a	d	z	ε	έ	ε	s	έ	l	ε	</S>
les	0.234445	0.090583	0.0356399	0.0127561	0.0194661	0.0201376	0.024127	0.0245008	0.0353746	0.0538689	0.069894	0.0770329	0.0592178	0.0497237	0.0551114	0.0415529	0.0265139	0.0174127	0.0130612	0.00779566	0.00650533	0.00810549	0.017174
gens	0.0486565	0.051386	0.0963559	0.101195	0.125728	0.118614	0.113204	0.0775594	0.0500161	0.0550468	0.0455042	0.0306775	0.0179563	0.00941695	0.00991942	0.0117495	0.00837494	0.00568106	0.00626986	0.00644135	0.00444166	0.00241517	0.00339096
du	0.0212257	0.0238611	0.0406184	0.0625775	0.0356169	0.0448119	0.0422993	0.0591048	0.0873376	0.0756342	0.0677463	0.0554738	0.0535727	0.0698555	0.0642872	0.0568019	0.0391225	0.0380789	0.0222298	0.0109112	0.00786364	0.00969354	0.0112758
village	0.0190322	0.0239748	0.0303963	0.049721	0.049562	0.04755	0.0324555	0.0345263	0.0405352	0.0481472	0.049945	0.043831	0.0416759	0.0421335	0.0747892	0.0961342	0.0679315	0.0422681	0.0343142	0.0377092	0.03184	0.0262757	0.0352521
se	0.012844	0.0100766	0.015515	0.017386	0.0252172	0.0262034	0.0353644	0.038514	0.0552586	0.0560097	0.0588657	0.0591703	0.0523116	0.0407115	0.0614606	0.0637406	0.0470717	0.0492182	0.0344368	0.0335347	0.0502455	0.0654084	0.0914354
moquent	0.0254481	0.0238369	0.0290349	0.0313715	0.0346023	0.0414445	0.0557964	0.0525786	0.0606312	0.0487991	0.0525627	0.0519159	0.0467913	0.0431785	0.0512227	0.0420044	0.0351902	0.0336513	0.0349758	0.0332155	0.0401646	0.0356788	0.0959047
du	0.0137883	0.0133546	0.0151798	0.0208625	0.0210872	0.0288829	0.0374885	0.0382707	0.0506342	0.0495031	0.0569963	0.0538599	0.0399575	0.034269	0.0259507	0.0297599	0.0383983	0.0525522	0.0432708	0.0505307	0.0684228	0.0893688	0.127611
boiteux	0.0325553	0.032141	0.0367797	0.0342245	0.0376993	0.034088	0.0346429	0.0324831	0.0300913	0.0267553	0.0189971	0.0150123	0.0132419	0.0151091	0.0257902	0.0490372	0.0579861	0.0387624	0.0777422	0.0625547	0.0917877	0.101593	0.100926
</S>	0.0229409	0.0225503	0.0232285	0.0245932	0.0265777	0.0242119	0.0237293	0.0236655	0.0236567	0.026379	0.0256901	0.0275422	0.0335914	0.0402306	0.027261	0.0296566	0.0299184	0.038156	0.0426975	0.0733512	0.0995844	0.13412	0.156667
