 	e	k	a	y	í	l	í	y	é	é	k	a	y	i	w	a	l	a	n	g	á	w	á	á	a	d	í	o	d	z	á	a	k	á	a	l	á	a	w	á	a	</S>
la	0.00967135	0.0093221	0.0104297	0.0114428	0.00960643	0.0101564	0.012474	0.0225094	0.0230883	0.013365	0.0196867	0.0176985	0.0320453	0.0401132	0.0498771	0.0240238	0.0368873	0.0158782	0.0523094	0.0327652	0.017555	0.0337325	0.0450097	0.0418443	0.0294219	0.0147449	0.0200756	0.0275517	0.0182384	0.0139706	0.0151031	0.0128797	0.0137378	0.0117702	0.01723	0.0247933	0.0343001	0.0409676	0.0198595	0.0348041	0.0347386	0.0243212
manière	0.014375	0.0216783	0.0627718	0.0298995	0.0411876	0.0230796	0.0131361	0.0252281	0.0110444	0.0196012	0.0213884	0.042081	0.0673053	0.0485654	0.0241988	0.0195652	0.0292779	0.0226163	0.0364999	0.0405146	0.0444401	0.0445986	0.0226775	0.0290731	0.0286896	0.0350877	0.0185913	0.0143683	0.00424144	0.00885235	0.0173076	0.019474	0.00910899	0.0079208	0.0184047	0.0115057	0.0166551	0.0162613	0.00999029	0.0051705	0.00215664	0.00141018
dont	0.0667206	0.0285778	0.0199207	0.00910836	0.0133612	0.0102944	0.00557214	0.00397471	0.00278949	0.00283052	0.003788	0.00841719	0.0058089	0.00626227	0.0111001	0.00744208	0.0103645	0.0183899	0.021414	0.0745082	0.0295694	0.0701137	0.0376352	0.0676783	0.0653642	0.0327891	0.0488623	0.0392928	0.0587234	0.032063	0.030545	0.0216791	0.0237325	0.0289389	0.0187034	0.00705286	0.0108348	0.0065	0.0116741	0.00713952	0.0115535	0.00890959
il	0.034719	0.0458201	0.0376511	0.0242503	0.0235827	0.0115145	0.0142623	0.0113503	0.00925431	0.00796657	0.00780848	0.0134078	0.00800645	0.00377775	0.00376462	0.00423685	0.0215415	0.0178627	0.0274347	0.0276462	0.0204543	0.00946224	0.028853	0.0418869	0.0438119	0.0434018	0.0569152	0.0596462	0.0320825	0.0176621	0.0245541	0.0143495	0.0245952	0.0305372	0.0274064	0.014834	0.0230822	0.0151965	0.0109907	0.0176917	0.0248142	0.0619138
s'	0.0468515	0.0329184	0.0353795	0.0322599	0.0674519	0.0385949	0.033714	0.0214035	0.0176101	0.0155372	0.0129935	0.0156444	0.01239	0.00471382	0.00713702	0.00873171	0.0169853	0.0365372	0.00812413	0.0273749	0.0219736	0.0117708	0.0233094	0.0275758	0.0367713	0.0155143	0.0313124	0.0195659	0.0291981	0.0221737	0.0261557	0.0214561	0.0363869	0.0322193	0.0271004	0.012445	0.018407	0.00849663	0.0219957	0.0144074	0.0203166	0.0290951
est	0.0305219	0.0457978	0.048658	0.0487209	0.0706664	0.0723199	0.047951	0.0315211	0.0139745	0.0139584	0.00820625	0.0110592	0.00925086	0.00449695	0.00352284	0.00661871	0.0145374	0.0253693	0.00995355	0.019572	0.0136813	0.0114698	0.0124201	0.0182316	0.0151477	0.0127982	0.0161426	0.0132443	0.0443118	0.0317151	0.0252846	0.0217424	0.0335727	0.031671	0.0216202	0.0124327	0.016999	0.00859311	0.0178159	0.0141405	0.0235371	0.046751
plaint	0.0960853	0.0843968	0.0583535	0.0355726	0.0412083	0.031061	0.0179547	0.0188666	0.0168969	0.0183006	0.022026	0.0271216	0.0218712	0.00886355	0.00673069	0.0122199	0.0189971	0.0252621	0.0206161	0.034632	0.0241451	0.0269112	0.0130619	0.0239949	0.0184078	0.0230075	0.0110353	0.0104934	0.00537233	0.0133037	0.00729605	0.0174726	0.0105534	0.00833578	0.0109221	0.0171356	0.0102404	0.0107478	0.0141948	0.018904	0.0284984	0.0589292
s'	0.101776	0.0920476	0.0534967	0.0604234	0.0541554	0.0592863	0.0534275	0.0517042	0.0498186	0.058226	0.0178027	0.0147018	0.0160881	0.00407599	0.00318623	0.00283798	0.00670127	0.00988322	0.00604934	0.0136775	0.0128383	0.00687249	0.0152922	0.0141442	0.0147366	0.0235494	0.0142707	0.0177378	0.01541	0.00836097	0.00567456	0.00572589	0.00606353	0.00673966	0.00435375	0.00591181	0.00491205	0.00470066	0.00503357	0.00682582	0.0125479	0.0589319
il	0.0836508	0.0933012	0.0598224	0.0618823	0.0471049	0.0239187	0.0129582	0.0143337	0.0130439	0.0163961	0.0139606	0.013229	0.0149428	0.0108042	0.00790097	0.00791309	0.0138464	0.0182562	0.0118622	0.0171148	0.010296	0.00867935	0.0109201	0.00983369	0.0120786	0.0118302	0.0054336	0.00711967	0.00408194	0.0135055	0.0085618	0.0179492	0.0121846	0.010152	0.0118725	0.0237199	0.0125167	0.0210373	0.0228417	0.0294925	0.0570259	0.122625
ne	0.135103	0.113083	0.0478432	0.0336692	0.0264979	0.0141171	0.00806862	0.00848454	0.00793649	0.00913027	0.00874988	0.0108278	0.0100201	0.00918905	0.00508154	0.00935263	0.0116392	0.0338126	0.0225964	0.051097	0.0352549	0.0249778	0.0329959	0.0292279	0.0324322	0.0284541	0.0161783	0.0145043	0.00858358	0.017433	0.00542439	0.0125565	0.007261	0.00490182	0.00790825	0.0111933	0.00766092	0.00933373	0.011347	0.0125884	0.0189261	0.0745564
mange	0.23477	0.169094	0.0816245	0.0586362	0.0398424	0.0171522	0.00912789	0.00566347	0.00466742	0.00580071	0.00580777	0.00604501	0.00500678	0.00452346	0.00470814	0.00451212	0.00862543	0.0100852	0.0127581	0.0192565	0.0211178	0.0107035	0.0171353	0.0107769	0.0124617	0.0193263	0.0056338	0.00600016	0.00275304	0.00377527	0.0033148	0.0131831	0.00419548	0.00459829	0.0042956	0.00862958	0.00646433	0.00953512	0.0113772	0.00838884	0.0275908	0.0810356
pas	0.154296	0.127919	0.0692512	0.0549837	0.0323892	0.0126653	0.0110875	0.00697947	0.00574888	0.00526052	0.00461088	0.00782418	0.00302793	0.00166258	0.00140584	0.00323537	0.0113906	0.0315084	0.0191067	0.0249318	0.024548	0.00530707	0.0168023	0.00946799	0.0112254	0.0315923	0.0107408	0.0221315	0.0162085	0.00735136	0.00968739	0.0165125	0.0101272	0.0153216	0.011639	0.0186337	0.00915081	0.0191254	0.0223445	0.0152533	0.0367894	0.0707551
dans	0.118864	0.048678	0.029734	0.0285178	0.0146329	0.00821904	0.00649245	0.0045456	0.00343374	0.00350292	0.00357686	0.00367274	0.00299447	0.00284294	0.00535726	0.00515015	0.0115354	0.0183276	0.0282571	0.0317805	0.0298274	0.0154807	0.0215971	0.0132038	0.0189956	0.0185947	0.0119623	0.00916003	0.00580976	0.0074776	0.00557413	0.0181148	0.00894281	0.00398234	0.00912391	0.0271376	0.0155248	0.0355249	0.0279174	0.0222854	0.0910199	0.202628
les	0.128397	0.0548623	0.0353165	0.0511032	0.0160404	0.00496787	0.00282053	0.00243362	0.00296024	0.00363807	0.00404921	0.003619	0.003325	0.00286838	0.00482738	0.0036942	0.0112677	0.0207475	0.0243268	0.022134	0.0181757	0.00546601	0.011968	0.00593561	0.0102415	0.0154784	0.00839519	0.0137437	0.00521232	0.00395014	0.0053398	0.0195576	0.00675356	0.00575669	0.0113785	0.0450218	0.0136312	0.0718113	0.0563787	0.0231673	0.102771	0.136467
heures	0.0577487	0.0371544	0.033345	0.0438796	0.0210545	0.00856433	0.00460678	0.00478152	0.00540723	0.00629782	0.00724577	0.0055604	0.00606611	0.00554741	0.00909145	0.00719977	0.0190996	0.0291826	0.0440547	0.0280758	0.031196	0.0135255	0.0216808	0.0161164	0.0255884	0.0289485	0.0157438	0.016888	0.00221917	0.0123272	0.00636075	0.0240558	0.00689246	0.00420686	0.0137802	0.0257899	0.0142551	0.0222439	0.0131771	0.0168714	0.0689986	0.215171
qui	0.111883	0.0637343	0.0329762	0.0238982	0.0219518	0.0236677	0.015082	0.0158736	0.00785714	0.010212	0.00484382	0.00532145	0.00385735	0.00308591	0.00268375	0.00343889	0.00586729	0.0132104	0.00745319	0.00904236	0.0133841	0.0063108	0.012747	0.00856277	0.0140241	0.048132	0.0145934	0.0178458	0.0251515	0.0265722	0.0242933	0.0594831	0.0333951	0.021409	0.0340298	0.0411269	0.0334767	0.0258693	0.0271612	0.0282907	0.0345667	0.0636335
suivent	0.102921	0.152715	0.0952837	0.107491	0.0657578	0.0227704	0.0154671	0.0128137	0.0121056	0.0191754	0.00858461	0.00551485	0.00487731	0.00333632	0.00272425	0.00176043	0.00583223	0.00597134	0.0040926	0.00795777	0.00886486	0.0040903	0.00870044	0.00495225	0.0108891	0.0161103	0.00482508	0.00458154	0.00366304	0.00493895	0.00408389	0.00992534	0.00538753	0.00431111	0.00797319	0.0165398	0.0116907	0.0317703	0.033263	0.0173634	0.052232	0.0766909
il	0.0681494	0.0846801	0.0573666	0.0751633	0.0556277	0.0362334	0.0306261	0.0299889	0.0239765	0.0300248	0.00823782	0.00566158	0.00649881	0.00412936	0.00431924	0.00303774	0.00533689	0.00996112	0.00556967	0.00896965	0.00880788	0.0073151	0.00707943	0.0097497	0.0153049	0.0507031	0.00937077	0.0158798	0.0174227	0.0259816	0.012704	0.0254369	0.016655	0.0145115	0.0153696	0.0236803	0.0202472	0.023743	0.0197159	0.0226805	0.028079	0.0560035
va	0.100731	0.1309	0.103618	0.109801	0.0887011	0.046847	0.0254312	0.0208475	0.0161152	0.0257945	0.011837	0.00969942	0.00773893	0.00543776	0.00373089	0.00319482	0.00533423	0.00444423	0.00408545	0.00771587	0.00491922	0.00270125	0.00412047	0.00431812	0.00374534	0.0118408	0.00218118	0.0050222	0.00255513	0.00398249	0.00249057	0.00787791	0.0049944	0.00430933	0.00588197	0.0114963	0.00884444	0.0201959	0.0168476	0.013623	0.0310856	0.0949608
mourir	0.081413	0.0601788	0.0474523	0.0526395	0.0255649	0.0147514	0.0112053	0.011234	0.0102487	0.0123514	0.0106378	0.00728941	0.00782245	0.00771482	0.00851337	0.00521307	0.0084552	0.0104136	0.0133845	0.0208048	0.0155896	0.0107867	0.00834589	0.00928351	0.00931136	0.0288697	0.00386203	0.00750264	0.00601822	0.0147049	0.00340189	0.019395	0.00639473	0.00250904	0.00750219	0.0243569	0.0122498	0.0372868	0.0298629	0.0226634	0.0621307	0.230683
</S>	0.0654359	0.0489866	0.0399694	0.0407597	0.0246821	0.0150231	0.00984624	0.0108243	0.00956509	0.010404	0.00921004	0.00735173	0.00768037	0.00751998	0.00690172	0.00525221	0.00835597	0.0089046	0.0101488	0.0128502	0.0106682	0.00909552	0.00772145	0.0114203	0.0102564	0.0239809	0.00403072	0.00956707	0.00819191	0.0199063	0.00777745	0.0292837	0.014229	0.00543452	0.0133682	0.0437343	0.0173486	0.0493061	0.0393334	0.0436877	0.0823939	0.179592
