 	a	t	ú	n	g	u	m	á	á	l	á	m	b	í	w	a	a	t	ú	n	g	u	á	d	í	a	k	ω	ώ	</S>
les	0.153307	0.112608	0.0835534	0.0278996	0.0250419	0.0162686	0.018946	0.0223234	0.0264979	0.0252354	0.0252359	0.0269925	0.0248907	0.0347062	0.0319667	0.0226885	0.0374592	0.0231524	0.0334711	0.029034	0.03152	0.0268148	0.0249957	0.0218291	0.0159097	0.0167847	0.011968	0.0155798	0.0186905	0.0146294
légumes	0.0391263	0.0327979	0.0305727	0.0813925	0.196888	0.15515	0.064107	0.0577878	0.0327827	0.0165567	0.0219901	0.0202402	0.0167027	0.0203381	0.0144585	0.0166247	0.00906341	0.0201802	0.0101032	0.00931692	0.0077827	0.0140308	0.0118998	0.0159558	0.0148819	0.0255788	0.00976733	0.0113653	0.0118921	0.010666
qu'	0.0202587	0.0170374	0.0142349	0.0219117	0.0176014	0.0143995	0.0211851	0.0247043	0.0361233	0.0484667	0.0371114	0.0326258	0.0327562	0.0633278	0.0489368	0.0681911	0.0382638	0.0333736	0.0474784	0.0529217	0.0392701	0.0248375	0.0276773	0.0292865	0.0404903	0.0394989	0.0345712	0.0290545	0.0310944	0.0133095
elle	0.0325679	0.0331755	0.0448314	0.0491748	0.0459894	0.0413192	0.0571242	0.0522719	0.0546466	0.0344085	0.0299722	0.0279592	0.0177526	0.0433252	0.0115732	0.0336757	0.0298499	0.0196148	0.0181239	0.038676	0.0214241	0.0179702	0.0185304	0.0214994	0.0300707	0.0204986	0.0349766	0.0402228	0.0429418	0.0358331
a	0.0178946	0.0281886	0.0272978	0.0337743	0.0455316	0.126444	0.102617	0.0672815	0.0396206	0.0459195	0.0403148	0.0416843	0.0174363	0.0226362	0.00659015	0.026863	0.0416797	0.0297491	0.0221624	0.0283662	0.0153498	0.0204341	0.0116302	0.0155385	0.0068721	0.00715905	0.0135325	0.0144959	0.0231008	0.0598356
préparés	0.0238282	0.0168279	0.0194421	0.0334511	0.0519503	0.0890512	0.0938381	0.0744827	0.0506328	0.0485044	0.0368285	0.0385272	0.0290446	0.0221519	0.00866195	0.014172	0.0134644	0.00932866	0.0142897	0.0253998	0.0244482	0.0245871	0.0282785	0.0242416	0.0185237	0.0186986	0.0206476	0.0235027	0.0297926	0.0734018
sont	0.0504665	0.0208091	0.0195609	0.0247508	0.0588329	0.094324	0.0958613	0.0785293	0.0457883	0.0603406	0.0331118	0.0417059	0.0329713	0.0394992	0.0370394	0.0300855	0.018975	0.00888519	0.00574052	0.0122766	0.00904931	0.0144313	0.0141222	0.0135078	0.0178339	0.0183584	0.0193225	0.0202211	0.0230796	0.0405196
mous	0.032115	0.0212526	0.025327	0.0350195	0.0693996	0.0760541	0.0581249	0.0477098	0.0376729	0.0297072	0.0349011	0.0333513	0.0417161	0.0248865	0.0293844	0.0120166	0.006365	0.00416091	0.00557233	0.00801834	0.00750902	0.0110421	0.00996505	0.00948537	0.0221573	0.0251824	0.0346865	0.0391036	0.0708584	0.137255
</S>	0.0233586	0.0234202	0.0288826	0.0320839	0.0511245	0.0607218	0.0572098	0.0406909	0.0314013	0.0243836	0.0230551	0.0197158	0.0161543	0.01588	0.0122684	0.00756344	0.00454618	0.0034308	0.00262402	0.00780307	0.00436727	0.00667751	0.00968597	0.0113916	0.0547652	0.0490133	0.0795966	0.090064	0.0989753	0.109145
