 	o	k	w	e	l	e	ó	d	í	l	a	b	v	ú	s	u	</S>
le	0.0229509	0.0216136	0.0228154	0.00891598	0.0185276	0.0369771	0.0248899	0.0321859	0.0389611	0.0691226	0.146725	0.166733	0.136068	0.089699	0.0611856	0.0590134	0.0436152
bois	0.0356092	0.0413094	0.522494	0.14959	0.0629127	0.0605879	0.0279456	0.0175834	0.0273833	0.0198268	0.0101886	0.00446708	0.00603266	0.00442309	0.00197596	0.00108763	0.00658302
de	0.0734375	0.0723319	0.0817373	0.0875285	0.100093	0.122096	0.130448	0.0503432	0.0653847	0.0536385	0.033246	0.0447903	0.0384618	0.0187062	0.0102982	0.00936346	0.00809551
l'	0.0982303	0.194661	0.181626	0.0766856	0.0507852	0.0367648	0.0294328	0.0137468	0.0182227	0.0117328	0.0103333	0.0172503	0.032407	0.0383134	0.0380783	0.0487962	0.102933
arbre	0.0340024	0.0286547	0.0521194	0.0625419	0.0748627	0.0796198	0.0777137	0.0826999	0.0680054	0.0908317	0.0869992	0.0518565	0.0406387	0.0368736	0.0345723	0.0338436	0.0641645
okwele	0.141535	0.122616	0.0517453	0.0508707	0.0678216	0.0430822	0.0415492	0.0266937	0.0281998	0.029029	0.0292085	0.0315707	0.0531957	0.0459148	0.0435452	0.0561814	0.137242
est	0.127858	0.125824	0.08788	0.0906621	0.075538	0.0402237	0.0310507	0.0174945	0.0178557	0.0206537	0.0129189	0.0164524	0.0360798	0.0531472	0.0488354	0.0552824	0.142243
dur	0.165174	0.228487	0.139144	0.0731724	0.0365981	0.0304945	0.00771162	0.0035188	0.00392401	0.00552535	0.00403997	0.0139013	0.00992533	0.0279221	0.0302972	0.0446662	0.175498
</S>	0.0911678	0.117694	0.101344	0.0548384	0.0263738	0.0273627	0.0082042	0.00739931	0.00968146	0.0134131	0.011311	0.0277901	0.0420767	0.113738	0.0839253	0.0764136	0.187266
