 	i	y	i	y	í	ε	l	í	i	p	f	ú	b	h	á	s	ó	k	y	ε	s	í	</S>
le	0.0342501	0.0362623	0.0140584	0.0113815	0.0176043	0.0254685	0.0466586	0.036072	0.0490586	0.0760553	0.101207	0.0872677	0.0947922	0.0694282	0.0649044	0.0301103	0.0249874	0.0223112	0.0237327	0.0236954	0.0247634	0.0459216	0.0400086
canard	0.0551539	0.0606782	0.0940285	0.0869597	0.263941	0.251916	0.0747386	0.0504906	0.028325	0.00747955	0.00140232	0.00193641	0.00204349	0.00300117	0.00219888	0.00324903	0.00340452	0.00202172	0.00348734	0.00152961	0.00100261	0.000534928	0.000476742
musqué	0.0306791	0.0352209	0.0469607	0.042531	0.0322735	0.0517733	0.0495365	0.0397198	0.0470866	0.0521546	0.086852	0.0833447	0.075291	0.0787603	0.0409033	0.0443103	0.0404919	0.0320727	0.0348712	0.0190911	0.0104525	0.0162884	0.00933477
se	0.0345677	0.0330545	0.0424246	0.0312592	0.0382348	0.0342036	0.0264855	0.0333717	0.0324912	0.0242753	0.0292145	0.0166941	0.0135452	0.0193734	0.0205058	0.0386343	0.0597072	0.0634285	0.0782398	0.0787844	0.0663662	0.0790752	0.106063
lave	0.0436086	0.0630875	0.0696336	0.0988876	0.101185	0.104373	0.0755065	0.0482069	0.0433526	0.0232501	0.0191111	0.0235172	0.0165647	0.0210103	0.0184484	0.0325871	0.0260501	0.0238632	0.0267101	0.0221184	0.0214256	0.0259194	0.051584
dans	0.0478772	0.0493595	0.0404835	0.0329692	0.0313006	0.0315489	0.0312701	0.0276218	0.025025	0.0176735	0.0150619	0.0160339	0.013224	0.0218661	0.0141425	0.0336035	0.0319029	0.045365	0.0544487	0.0561756	0.0577854	0.103077	0.202184
le	0.0286619	0.0248775	0.0257972	0.0289737	0.0536906	0.054861	0.058191	0.0534601	0.045644	0.0561649	0.048775	0.025686	0.0314487	0.0359855	0.0304897	0.0345087	0.0326969	0.0351245	0.0397359	0.0452981	0.0519992	0.06305	0.09488
ruisseau	0.0185104	0.0138686	0.0174416	0.0159522	0.0206191	0.0166194	0.00930894	0.00739952	0.00663271	0.00695503	0.00707276	0.00965821	0.0164269	0.0232713	0.0495591	0.0621984	0.0825918	0.082877	0.0816289	0.0808096	0.122142	0.104091	0.144365
</S>	0.0461853	0.0201897	0.0172295	0.00527545	0.00637013	0.00616648	0.00507061	0.0043804	0.00208845	0.0023344	0.00350211	0.00352132	0.00565119	0.00948031	0.0207545	0.0351706	0.0617225	0.0696151	0.0766676	0.110303	0.15902	0.0910328	0.238268
